-3.0 	 2.160387468084867E-9 	 1.5706633881326848E-5 	 2.160387468084867E-9 	 1.5706633881326848E-5 	 2.160387468084867E-9 	 1.5706633881326848E-5 	 2.160387468084867E-9 	 1.5706633881326848E-5 	 
-2.976 	 1.7283099744678937E-8 	 3.2514881792859233E-6 	 1.7283099744678937E-8 	 3.2514881792859233E-6 	 1.7283099744678937E-8 	 3.2514881792859233E-6 	 1.7283099744678937E-8 	 3.2514881792859233E-6 	 
-2.952 	 9.767111743211684E-6 	 1.6702700124594445E-5 	 9.767111743211684E-6 	 1.6702700124594445E-5 	 9.767111743211684E-6 	 1.6702700124594445E-5 	 9.767111743211684E-6 	 1.6702700124594445E-5 	 
-2.928 	 0.0 	 1.794065859228728E-5 	 0.0 	 1.794065859228728E-5 	 0.0 	 1.794065859228728E-5 	 0.0 	 1.794065859228728E-5 	 
-2.904 	 0.0 	 1.0362211351179317E-5 	 0.0 	 1.0362211351179317E-5 	 0.0 	 1.0362211351179317E-5 	 0.0 	 1.0362211351179317E-5 	 
-2.88 	 2.160387468084867E-9 	 9.390441262746648E-6 	 2.160387468084867E-9 	 9.390441262746648E-6 	 2.160387468084867E-9 	 9.390441262746648E-6 	 2.160387468084867E-9 	 9.390441262746648E-6 	 
-2.856 	 1.7283099744678937E-8 	 1.0569494409674119E-5 	 1.7283099744678937E-8 	 1.0569494409674119E-5 	 1.7283099744678937E-8 	 1.0569494409674119E-5 	 1.7283099744678937E-8 	 1.0569494409674119E-5 	 
-2.832 	 9.769272130679769E-6 	 2.6167075287001455E-5 	 9.769272130679769E-6 	 2.6167075287001455E-5 	 9.769272130679769E-6 	 2.6167075287001455E-5 	 9.769272130679769E-6 	 2.6167075287001455E-5 	 
-2.808 	 2.1603874680848672E-8 	 1.9193487641511824E-5 	 2.1603874680848672E-8 	 1.9193487641511824E-5 	 2.1603874680848672E-8 	 1.9193487641511824E-5 	 2.1603874680848672E-8 	 1.9193487641511824E-5 	 
-2.784 	 9.801677942701043E-6 	 3.85798879707328E-6 	 9.801677942701043E-6 	 3.85798879707328E-6 	 9.801677942701043E-6 	 3.85798879707328E-6 	 9.801677942701043E-6 	 3.85798879707328E-6 	 
-2.76 	 1.9536383873891452E-5 	 1.0755261018187107E-5 	 1.9536383873891452E-5 	 1.0755261018187107E-5 	 1.9536383873891452E-5 	 1.0755261018187107E-5 	 1.9536383873891452E-5 	 1.0755261018187107E-5 	 
-2.7359999999999998 	 1.9443487212763804E-8 	 2.5561612899070568E-5 	 1.9443487212763804E-8 	 2.5561612899070568E-5 	 1.9443487212763804E-8 	 2.5561612899070568E-5 	 1.9443487212763804E-8 	 2.5561612899070568E-5 	 
-2.7119999999999997 	 9.788715617892533E-6 	 1.9071771856908328E-5 	 9.788715617892533E-6 	 1.9071771856908328E-5 	 9.788715617892533E-6 	 1.9071771856908328E-5 	 9.788715617892533E-6 	 1.9071771856908328E-5 	 
-2.688 	 9.801677942701043E-6 	 1.0428797702251719E-5 	 9.801677942701043E-6 	 1.0428797702251719E-5 	 9.801677942701043E-6 	 1.0428797702251719E-5 	 9.801677942701043E-6 	 1.0428797702251719E-5 	 
-2.664 	 1.9536383873891452E-5 	 4.602814140252427E-6 	 1.9536383873891452E-5 	 4.602814140252427E-6 	 1.9536383873891452E-5 	 4.602814140252427E-6 	 1.9536383873891452E-5 	 4.602814140252427E-6 	 
-2.64 	 1.7283099744678937E-8 	 4.188389689479205E-5 	 1.7283099744678937E-8 	 4.188389689479205E-5 	 1.7283099744678937E-8 	 4.188389689479205E-5 	 1.7283099744678937E-8 	 4.188389689479205E-5 	 
-2.616 	 9.769272130679769E-6 	 4.3759303232852184E-5 	 9.769272130679769E-6 	 4.3759303232852184E-5 	 9.769272130679769E-6 	 4.3759303232852184E-5 	 9.769272130679769E-6 	 4.3759303232852184E-5 	 
-2.592 	 1.7283099744678937E-8 	 8.229586527507335E-6 	 1.7283099744678937E-8 	 8.229586527507335E-6 	 1.7283099744678937E-8 	 8.229586527507335E-6 	 1.7283099744678937E-8 	 8.229586527507335E-6 	 
-2.568 	 9.767111743211684E-6 	 1.821909242485791E-5 	 9.767111743211684E-6 	 1.821909242485791E-5 	 9.767111743211684E-6 	 1.821909242485791E-5 	 9.767111743211684E-6 	 1.821909242485791E-5 	 
-2.544 	 0.0 	 1.2614829687821527E-5 	 0.0 	 1.2614829687821527E-5 	 0.0 	 1.2614829687821527E-5 	 0.0 	 1.2614829687821527E-5 	 
-2.52 	 0.0 	 2.9129274121518292E-5 	 0.0 	 2.9129274121518292E-5 	 0.0 	 2.9129274121518292E-5 	 0.0 	 2.9129274121518292E-5 	 
-2.496 	 0.0 	 5.3353016144590075E-5 	 0.0 	 5.3353016144590075E-5 	 0.0 	 5.3353016144590075E-5 	 0.0 	 5.3353016144590075E-5 	 
-2.472 	 2.160387468084867E-9 	 5.5799651021228624E-5 	 2.160387468084867E-9 	 5.5799651021228624E-5 	 2.160387468084867E-9 	 5.5799651021228624E-5 	 2.160387468084867E-9 	 5.5799651021228624E-5 	 
-2.448 	 1.9443487212763804E-8 	 3.818727808573045E-5 	 1.9443487212763804E-8 	 3.818727808573045E-5 	 1.9443487212763804E-8 	 3.818727808573045E-5 	 1.9443487212763804E-8 	 3.818727808573045E-5 	 
-2.424 	 9.786555230424448E-6 	 1.6966841366123568E-5 	 9.786555230424448E-6 	 1.6966841366123568E-5 	 9.786555230424448E-6 	 1.6966841366123568E-5 	 9.786555230424448E-6 	 1.6966841366123568E-5 	 
-2.4 	 9.784394842956363E-6 	 5.21248327941031E-5 	 9.784394842956363E-6 	 5.21248327941031E-5 	 9.784394842956363E-6 	 5.21248327941031E-5 	 9.784394842956363E-6 	 5.21248327941031E-5 	 
-2.376 	 9.771432518147854E-6 	 4.950978472995542E-5 	 9.771432518147854E-6 	 4.950978472995542E-5 	 9.771432518147854E-6 	 4.950978472995542E-5 	 9.771432518147854E-6 	 4.950978472995542E-5 	 
-2.352 	 3.888697442552761E-8 	 4.6854557489346064E-5 	 3.888697442552761E-8 	 4.6854557489346064E-5 	 3.888697442552761E-8 	 4.6854557489346064E-5 	 3.888697442552761E-8 	 4.6854557489346064E-5 	 
-2.328 	 1.957095007338081E-5 	 2.471523477480837E-5 	 1.957095007338081E-5 	 2.471523477480837E-5 	 1.957095007338081E-5 	 2.471523477480837E-5 	 1.957095007338081E-5 	 2.471523477480837E-5 	 
-2.304 	 1.9555827361104217E-5 	 3.731973439498903E-5 	 1.9555827361104217E-5 	 3.731973439498903E-5 	 1.9555827361104217E-5 	 3.731973439498903E-5 	 1.9555827361104217E-5 	 3.731973439498903E-5 	 
-2.2800000000000002 	 9.805998717637213E-6 	 4.763361851562785E-5 	 9.805998717637213E-6 	 4.763361851562785E-5 	 9.805998717637213E-6 	 4.763361851562785E-5 	 9.805998717637213E-6 	 4.763361851562785E-5 	 
-2.2560000000000002 	 1.9573110460848897E-5 	 6.301402548625958E-5 	 1.9573110460848897E-5 	 6.301402548625958E-5 	 1.9573110460848897E-5 	 6.301402548625958E-5 	 1.9573110460848897E-5 	 6.301402548625958E-5 	 
-2.232 	 1.9573110460848897E-5 	 4.220841521348705E-5 	 1.9573110460848897E-5 	 4.220841521348705E-5 	 1.9573110460848897E-5 	 4.220841521348705E-5 	 1.9573110460848897E-5 	 4.220841521348705E-5 	 
-2.208 	 1.957527084831698E-5 	 4.809828445965388E-5 	 1.957527084831698E-5 	 4.809828445965388E-5 	 1.957527084831698E-5 	 4.809828445965388E-5 	 1.957527084831698E-5 	 4.809828445965388E-5 	 
-2.184 	 1.9590393560593576E-5 	 5.654465900142073E-5 	 1.9590393560593576E-5 	 5.654465900142073E-5 	 1.9590393560593576E-5 	 5.654465900142073E-5 	 1.9590393560593576E-5 	 5.654465900142073E-5 	 
-2.16 	 2.9340222204060592E-5 	 6.662499486615752E-5 	 2.9340222204060592E-5 	 6.662499486615752E-5 	 2.9340222204060592E-5 	 6.662499486615752E-5 	 2.9340222204060592E-5 	 6.662499486615752E-5 	 
-2.136 	 1.9568789685912727E-5 	 5.263322261765114E-5 	 1.9568789685912727E-5 	 5.263322261765114E-5 	 1.9568789685912727E-5 	 5.263322261765114E-5 	 1.9568789685912727E-5 	 5.263322261765114E-5 	 
-2.112 	 1.9540704648827622E-5 	 7.611912818136456E-5 	 1.9540704648827622E-5 	 7.611912818136456E-5 	 1.9540704648827622E-5 	 7.611912818136456E-5 	 1.9540704648827622E-5 	 7.611912818136456E-5 	 
-2.088 	 5.1849299234036814E-8 	 8.358408085904932E-5 	 5.1849299234036814E-8 	 8.358408085904932E-5 	 5.1849299234036814E-8 	 8.358408085904932E-5 	 5.1849299234036814E-8 	 8.358408085904932E-5 	 
-2.064 	 2.9303495617103148E-5 	 7.226419007425938E-5 	 2.9303495617103148E-5 	 7.226419007425938E-5 	 2.9303495617103148E-5 	 7.226419007425938E-5 	 2.9303495617103148E-5 	 7.226419007425938E-5 	 
-2.04 	 2.1603874680848672E-8 	 1.0959464949342568E-4 	 2.1603874680848672E-8 	 1.0959464949342568E-4 	 2.1603874680848672E-8 	 1.0959464949342568E-4 	 2.1603874680848672E-8 	 1.0959464949342568E-4 	 
-2.016 	 9.805998717637213E-6 	 9.645067533381366E-5 	 9.805998717637213E-6 	 9.645067533381366E-5 	 9.805998717637213E-6 	 9.645067533381366E-5 	 9.805998717637213E-6 	 9.645067533381366E-5 	 
-1.992 	 1.957095007338081E-5 	 6.612805199105709E-5 	 1.957095007338081E-5 	 6.612805199105709E-5 	 1.957095007338081E-5 	 6.612805199105709E-5 	 1.957095007338081E-5 	 6.612805199105709E-5 	 
-1.968 	 1.9557987748572302E-5 	 7.760428941072637E-5 	 1.9557987748572302E-5 	 7.760428941072637E-5 	 1.9557987748572302E-5 	 7.760428941072637E-5 	 1.9557987748572302E-5 	 7.760428941072637E-5 	 
-1.944 	 9.825442204849977E-6 	 8.103956741630896E-5 	 9.825442204849977E-6 	 8.103956741630896E-5 	 9.825442204849977E-6 	 8.103956741630896E-5 	 9.825442204849977E-6 	 8.103956741630896E-5 	 
-1.92 	 2.9359665691273357E-5 	 1.2806364162550236E-4 	 2.9359665691273357E-5 	 1.2806364162550236E-4 	 2.9359665691273357E-5 	 1.2806364162550236E-4 	 2.9359665691273357E-5 	 1.2806364162550236E-4 	 
-1.896 	 2.9363986466209527E-5 	 1.314553165798973E-4 	 2.9363986466209527E-5 	 1.314553165798973E-4 	 2.9363986466209527E-5 	 1.314553165798973E-4 	 2.9363986466209527E-5 	 1.314553165798973E-4 	 
-1.8719999999999999 	 2.939207150329463E-5 	 1.0029524247626262E-4 	 2.939207150329463E-5 	 1.0029524247626262E-4 	 2.939207150329463E-5 	 1.0029524247626262E-4 	 2.939207150329463E-5 	 1.0029524247626262E-4 	 
-1.8479999999999999 	 4.887660607795205E-5 	 1.753592660812246E-4 	 4.887660607795205E-5 	 1.753592660812246E-4 	 4.887660607795205E-5 	 1.753592660812246E-4 	 4.887660607795205E-5 	 1.753592660812246E-4 	 
-1.824 	 1.959255394806166E-5 	 2.0812942167082086E-4 	 1.959255394806166E-5 	 2.0812942167082086E-4 	 1.959255394806166E-5 	 2.0812942167082086E-4 	 1.959255394806166E-5 	 2.0812942167082086E-4 	 
-1.8 	 2.9355344916337187E-5 	 1.9645576454743483E-4 	 2.9355344916337187E-5 	 1.9645576454743483E-4 	 2.9355344916337187E-5 	 1.9645576454743483E-4 	 2.9355344916337187E-5 	 1.9645576454743483E-4 	 
-1.776 	 2.9327259879252082E-5 	 1.8621742351476568E-4 	 2.9327259879252082E-5 	 1.8621742351476568E-4 	 2.9327259879252082E-5 	 1.8621742351476568E-4 	 2.9327259879252082E-5 	 1.8621742351476568E-4 	 
-1.752 	 9.847046079530827E-6 	 1.8824561399435031E-4 	 9.847046079530827E-6 	 1.8824561399435031E-4 	 9.847046079530827E-6 	 1.8824561399435031E-4 	 9.847046079530827E-6 	 1.8824561399435031E-4 	 
-1.728 	 3.916350402144245E-5 	 2.1360545394068283E-4 	 3.916350402144245E-5 	 2.1360545394068283E-4 	 3.916350402144245E-5 	 2.1360545394068283E-4 	 3.916350402144245E-5 	 2.1360545394068283E-4 	 
-1.704 	 4.892197421478184E-5 	 2.6493485159730036E-4 	 4.892197421478184E-5 	 2.6493485159730036E-4 	 4.892197421478184E-5 	 2.6493485159730036E-4 	 4.892197421478184E-5 	 2.6493485159730036E-4 	 
-1.68 	 3.922183448308076E-5 	 1.955347600634416E-4 	 3.922183448308076E-5 	 1.955347600634416E-4 	 3.922183448308076E-5 	 1.955347600634416E-4 	 3.922183448308076E-5 	 1.955347600634416E-4 	 
-1.656 	 7.826651719377858E-5 	 2.6038068213312304E-4 	 7.826651719377858E-5 	 2.6038068213312304E-4 	 7.826651719377858E-5 	 2.6038068213312304E-4 	 7.826651719377858E-5 	 2.6038068213312304E-4 	 
-1.632 	 6.84497165388009E-5 	 3.54642065221945E-4 	 6.84497165388009E-5 	 3.54642065221945E-4 	 6.84497165388009E-5 	 3.54642065221945E-4 	 6.84497165388009E-5 	 3.54642065221945E-4 	 
-1.6079999999999999 	 3.916782479637862E-5 	 3.543549921930905E-4 	 3.916782479637862E-5 	 3.543549921930905E-4 	 3.916782479637862E-5 	 3.543549921930905E-4 	 3.916782479637862E-5 	 3.543549921930905E-4 	 
-1.584 	 4.894789886439886E-5 	 4.0200098827056197E-4 	 4.894789886439886E-5 	 4.0200098827056197E-4 	 4.894789886439886E-5 	 4.0200098827056197E-4 	 4.894789886439886E-5 	 4.0200098827056197E-4 	 
-1.56 	 5.8682604795589266E-5 	 4.287478719972235E-4 	 5.8682604795589266E-5 	 4.287478719972235E-4 	 5.8682604795589266E-5 	 4.287478719972235E-4 	 5.8682604795589266E-5 	 4.287478719972235E-4 	 
-1.536 	 3.918078712118713E-5 	 4.955353113525989E-4 	 3.918078712118713E-5 	 4.955353113525989E-4 	 3.918078712118713E-5 	 4.955353113525989E-4 	 3.918078712118713E-5 	 4.955353113525989E-4 	 
-1.512 	 4.9051597462866936E-5 	 5.751834862253965E-4 	 4.9051597462866936E-5 	 5.751834862253965E-4 	 4.9051597462866936E-5 	 5.751834862253965E-4 	 4.9051597462866936E-5 	 5.751834862253965E-4 	 
-1.488 	 1.1728311486739131E-4 	 5.766661110524945E-4 	 1.1728311486739131E-4 	 5.766661110524945E-4 	 1.1728311486739131E-4 	 5.766661110524945E-4 	 1.1728311486739131E-4 	 5.766661110524945E-4 	 
-1.464 	 3.9152702084102045E-5 	 6.275195921898628E-4 	 3.9152702084102045E-5 	 6.275195921898628E-4 	 3.9152702084102045E-5 	 6.275195921898628E-4 	 3.9152702084102045E-5 	 6.275195921898628E-4 	 
-1.44 	 3.920239099586798E-5 	 7.164394519543402E-4 	 3.920239099586798E-5 	 7.164394519543402E-4 	 3.920239099586798E-5 	 7.164394519543402E-4 	 3.920239099586798E-5 	 7.164394519543402E-4 	 
-1.416 	 6.848428273829022E-5 	 8.430634330003989E-4 	 6.848428273829022E-5 	 8.430634330003989E-4 	 6.848428273829022E-5 	 8.430634330003989E-4 	 6.848428273829022E-5 	 8.430634330003989E-4 	 
-1.392 	 5.8704208670270095E-5 	 0.0010999623987525556 	 5.8704208670270095E-5 	 0.0010999623987525556 	 5.8704208670270095E-5 	 0.0010999623987525556 	 5.8704208670270095E-5 	 0.0010999623987525556 	 
-1.3679999999999999 	 4.896518196414352E-5 	 0.0011712039894156577 	 4.896518196414352E-5 	 0.0011712039894156577 	 4.896518196414352E-5 	 0.0011712039894156577 	 4.896518196414352E-5 	 0.0011712039894156577 	 
-1.3439999999999999 	 6.845187692626899E-5 	 0.0012375965051275087 	 6.845187692626899E-5 	 0.0012375965051275087 	 6.845187692626899E-5 	 0.0012375965051275087 	 6.845187692626899E-5 	 0.0012375965051275087 	 
-1.32 	 3.9178626733719064E-5 	 0.0015765157607774615 	 3.9178626733719064E-5 	 0.0015765157607774615 	 3.9178626733719064E-5 	 0.0015765157607774615 	 3.9178626733719064E-5 	 0.0015765157607774615 	 
-1.296 	 5.8658840533440314E-5 	 0.0017542375971538393 	 5.8658840533440314E-5 	 0.0017542375971538393 	 5.8658840533440314E-5 	 0.0017542375971538393 	 5.8658840533440314E-5 	 0.0017542375971538393 	 
-1.272 	 2.9353184528869102E-5 	 0.0018686155301635375 	 2.9353184528869102E-5 	 0.0018686155301635375 	 2.9353184528869102E-5 	 0.0018686155301635375 	 2.9353184528869102E-5 	 0.0018686155301635375 	 
-1.248 	 1.9694092159061654E-5 	 0.0022683914991147806 	 1.9694092159061654E-5 	 0.0022683914991147806 	 1.9694092159061654E-5 	 0.0022683914991147806 	 1.9694092159061654E-5 	 0.0022683914991147806 	 
-1.224 	 7.833132881782107E-5 	 0.002427525445877973 	 7.833132881782107E-5 	 0.002427525445877973 	 7.833132881782107E-5 	 0.002427525445877973 	 7.833132881782107E-5 	 0.002427525445877973 	 
-1.2 	 9.785691075437214E-5 	 0.002899649992885938 	 9.785691075437214E-5 	 0.002899649992885938 	 9.785691075437214E-5 	 0.002899649992885938 	 9.785691075437214E-5 	 0.002899649992885938 	 
-1.176 	 9.778993874286152E-5 	 0.0038234448846457708 	 9.778993874286152E-5 	 0.0038234448846457708 	 9.778993874286152E-5 	 0.0038234448846457708 	 9.778993874286152E-5 	 0.0038234448846457708 	 
-1.152 	 5.87322937073552E-5 	 0.003907281947627713 	 5.87322937073552E-5 	 0.003907281947627713 	 5.87322937073552E-5 	 0.003907281947627713 	 5.87322937073552E-5 	 0.003907281947627713 	 
-1.128 	 6.844323537639665E-5 	 0.004602201353382702 	 6.844323537639665E-5 	 0.004602201353382702 	 6.844323537639665E-5 	 0.004602201353382702 	 6.844323537639665E-5 	 0.004602201353382702 	 
-1.1039999999999999 	 3.9122456659548855E-5 	 0.005505292316939133 	 3.9122456659548855E-5 	 0.005505292316939133 	 3.9122456659548855E-5 	 0.005505292316939133 	 3.9122456659548855E-5 	 0.005505292316939133 	 
-1.08 	 1.970057332146591E-5 	 0.006807911158008152 	 1.970057332146591E-5 	 0.006807911158008152 	 1.970057332146591E-5 	 0.006807911158008152 	 1.970057332146591E-5 	 0.006807911158008152 	 
-1.056 	 8.800122312496895E-5 	 0.007806495205930686 	 8.800122312496895E-5 	 0.007806495205930686 	 8.800122312496895E-5 	 0.007806495205930686 	 8.800122312496895E-5 	 0.007806495205930686 	 
-1.032 	 4.893277615212224E-5 	 0.009239414018743581 	 4.893277615212224E-5 	 0.009239414018743581 	 4.893277615212224E-5 	 0.009239414018743581 	 4.893277615212224E-5 	 0.009239414018743581 	 
-1.008 	 4.893493653959033E-5 	 0.011230739976576927 	 4.893493653959033E-5 	 0.011230739976576927 	 4.893493653959033E-5 	 0.011230739976576927 	 4.893493653959033E-5 	 0.011230739976576927 	 
-0.984 	 4.894573847693077E-5 	 0.012630492600200688 	 4.894573847693077E-5 	 0.012630492600200688 	 4.894573847693077E-5 	 0.012630492600200688 	 4.894573847693077E-5 	 0.012630492600200688 	 
-0.96 	 5.8658840533440314E-5 	 0.014858979172383968 	 5.8658840533440314E-5 	 0.014858979172383968 	 5.8658840533440314E-5 	 0.014858979172383968 	 5.8658840533440314E-5 	 0.014858979172383968 	 
-0.9359999999999999 	 2.9346703366464847E-5 	 0.016777106351844935 	 2.9346703366464847E-5 	 0.016777106351844935 	 2.9346703366464847E-5 	 0.016777106351844935 	 2.9346703366464847E-5 	 0.016777106351844935 	 
-0.9119999999999999 	 1.962712014755102E-5 	 0.018847899431676904 	 1.962712014755102E-5 	 0.018847899431676904 	 1.962712014755102E-5 	 0.018847899431676904 	 1.962712014755102E-5 	 0.018847899431676904 	 
-0.8879999999999999 	 4.888956840276054E-5 	 0.021481087046713383 	 4.888956840276054E-5 	 0.021481087046713383 	 4.888956840276054E-5 	 0.021481087046713383 	 4.888956840276054E-5 	 0.021481087046713383 	 
-0.8639999999999999 	 2.9325099491783997E-5 	 0.025670018932223617 	 2.9325099491783997E-5 	 0.025670018932223617 	 2.9325099491783997E-5 	 0.025670018932223617 	 2.9325099491783997E-5 	 0.025670018932223617 	 
-0.8399999999999999 	 9.831923367254232E-6 	 0.02852560976962474 	 9.831923367254232E-6 	 0.02852560976962474 	 9.831923367254232E-6 	 0.02852560976962474 	 9.831923367254232E-6 	 0.02852560976962474 	 
-0.8159999999999998 	 2.9407194215571226E-5 	 0.031569326856777394 	 2.9407194215571226E-5 	 0.031569326856777394 	 2.9407194215571226E-5 	 0.031569326856777394 	 2.9407194215571226E-5 	 0.031569326856777394 	 
-0.7919999999999998 	 5.862211394648287E-5 	 0.03456000829075428 	 5.862211394648287E-5 	 0.03456000829075428 	 5.862211394648287E-5 	 0.03456000829075428 	 5.862211394648287E-5 	 0.03456000829075428 	 
-0.7679999999999998 	 9.801677942701043E-6 	 0.03743205717670778 	 9.801677942701043E-6 	 0.03743205717670778 	 9.801677942701043E-6 	 0.03743205717670778 	 9.801677942701043E-6 	 0.03743205717670778 	 
-0.7439999999999998 	 9.924820028381884E-6 	 0.04094066574185496 	 9.924820028381884E-6 	 0.04094066574185496 	 9.924820028381884E-6 	 0.04094066574185496 	 9.924820028381884E-6 	 0.04094066574185496 	 
-0.7199999999999998 	 7.831188533060832E-5 	 0.04319921979379861 	 7.831188533060832E-5 	 0.04319921979379861 	 7.831188533060832E-5 	 0.04319921979379861 	 7.831188533060832E-5 	 0.04319921979379861 	 
-0.6959999999999997 	 8.807467629888385E-5 	 0.04575358340901065 	 8.807467629888385E-5 	 0.04575358340901065 	 8.807467629888385E-5 	 0.04575358340901065 	 8.807467629888385E-5 	 0.04575358340901065 	 
-0.6720000000000002 	 8.803578932445835E-5 	 0.04637958917707765 	 8.803578932445835E-5 	 0.04637958917707765 	 8.803578932445835E-5 	 0.04637958917707765 	 8.803578932445835E-5 	 0.04637958917707765 	 
-0.6480000000000001 	 6.846483925107747E-5 	 0.04624807522640628 	 6.846483925107747E-5 	 0.04624807522640628 	 6.846483925107747E-5 	 0.04624807522640628 	 6.846483925107747E-5 	 0.04624807522640628 	 
-0.6240000000000001 	 4.892629498971801E-5 	 0.04663136460746574 	 4.892629498971801E-5 	 0.04663136460746574 	 4.892629498971801E-5 	 0.04663136460746574 	 4.892629498971801E-5 	 0.04663136460746574 	 
-0.6000000000000001 	 3.925424029510204E-5 	 0.04443396398933257 	 3.925424029510204E-5 	 0.04443396398933257 	 3.925424029510204E-5 	 0.04443396398933257 	 3.925424029510204E-5 	 0.04443396398933257 	 
-0.5760000000000001 	 9.77920991303296E-5 	 0.041280660238822736 	 9.77920991303296E-5 	 0.041280660238822736 	 9.77920991303296E-5 	 0.041280660238822736 	 9.77920991303296E-5 	 0.041280660238822736 	 
-0.552 	 5.876685990684458E-5 	 0.04060901820681324 	 5.876685990684458E-5 	 0.04060901820681324 	 5.876685990684458E-5 	 0.04060901820681324 	 5.876685990684458E-5 	 0.04060901820681324 	 
-0.528 	 7.835077230503388E-5 	 0.036819302951681704 	 7.835077230503388E-5 	 0.036819302951681704 	 7.835077230503388E-5 	 0.036819302951681704 	 7.835077230503388E-5 	 0.036819302951681704 	 
-0.504 	 1.1727879409245515E-4 	 0.03321797736008678 	 1.1727879409245515E-4 	 0.03321797736008678 	 1.1727879409245515E-4 	 0.03321797736008678 	 1.1727879409245515E-4 	 0.03321797736008678 	 
-0.48 	 2.9491449326826535E-5 	 0.029861078793081215 	 2.9491449326826535E-5 	 0.029861078793081215 	 2.9491449326826535E-5 	 0.029861078793081215 	 2.9491449326826535E-5 	 0.029861078793081215 	 
-0.45599999999999996 	 9.782018416741474E-5 	 0.026063246571222505 	 9.782018416741474E-5 	 0.026063246571222505 	 9.782018416741474E-5 	 0.026063246571222505 	 9.782018416741474E-5 	 0.026063246571222505 	 
-0.43199999999999994 	 7.82427529316296E-5 	 0.02205368430155568 	 7.82427529316296E-5 	 0.02205368430155568 	 7.82427529316296E-5 	 0.02205368430155568 	 7.82427529316296E-5 	 0.02205368430155568 	 
-0.4079999999999999 	 4.9004068938569046E-5 	 0.018428200554850175 	 4.9004068938569046E-5 	 0.018428200554850175 	 4.9004068938569046E-5 	 0.018428200554850175 	 4.9004068938569046E-5 	 0.018428200554850175 	 
-0.3839999999999999 	 8.802498738711788E-5 	 0.0167227357914554 	 8.802498738711788E-5 	 0.0167227357914554 	 8.802498738711788E-5 	 0.0167227357914554 	 8.802498738711788E-5 	 0.0167227357914554 	 
-0.3599999999999999 	 5.8760378744440324E-5 	 0.014394726231260932 	 5.8760378744440324E-5 	 0.014394726231260932 	 5.8760378744440324E-5 	 0.014394726231260932 	 5.8760378744440324E-5 	 0.014394726231260932 	 
-0.33599999999999985 	 7.830756455567216E-5 	 0.01128303743940089 	 7.830756455567216E-5 	 0.01128303743940089 	 7.830756455567216E-5 	 0.01128303743940089 	 7.830756455567216E-5 	 0.01128303743940089 	 
-0.31199999999999983 	 8.803146854952219E-5 	 0.009551820112305737 	 8.803146854952219E-5 	 0.009551820112305737 	 8.803146854952219E-5 	 0.009551820112305737 	 8.803146854952219E-5 	 0.009551820112305737 	 
-0.2879999999999998 	 6.843459382652432E-5 	 0.00874549915841663 	 6.843459382652432E-5 	 0.00874549915841663 	 6.843459382652432E-5 	 0.00874549915841663 	 6.843459382652432E-5 	 0.00874549915841663 	 
-0.2639999999999998 	 2.9424477315315905E-5 	 0.007322577685480324 	 2.9424477315315905E-5 	 0.007322577685480324 	 2.9424477315315905E-5 	 0.007322577685480324 	 2.9424477315315905E-5 	 0.007322577685480324 	 
-0.23999999999999977 	 5.8769020294312643E-5 	 0.0060188660161452304 	 5.8769020294312643E-5 	 0.0060188660161452304 	 5.8769020294312643E-5 	 0.0060188660161452304 	 5.8769020294312643E-5 	 0.0060188660161452304 	 
-0.21599999999999975 	 8.801418544977747E-5 	 0.005252658484323547 	 8.801418544977747E-5 	 0.005252658484323547 	 8.801418544977747E-5 	 0.005252658484323547 	 8.801418544977747E-5 	 0.005252658484323547 	 
-0.19199999999999973 	 4.904943707539883E-5 	 0.004778173785873284 	 4.904943707539883E-5 	 0.004778173785873284 	 4.904943707539883E-5 	 0.004778173785873284 	 4.904943707539883E-5 	 0.004778173785873284 	 
-0.16800000000000015 	 1.0769099450909444E-4 	 0.003711738759913244 	 1.0769099450909444E-4 	 0.003711738759913244 	 1.0769099450909444E-4 	 0.003711738759913244 	 1.0769099450909444E-4 	 0.003711738759913244 	 
-0.14400000000000013 	 1.080496188287965E-4 	 0.0031377509886969133 	 1.080496188287965E-4 	 0.0031377509886969133 	 1.080496188287965E-4 	 0.0031377509886969133 	 1.080496188287965E-4 	 0.0031377509886969133 	 
-0.1200000000000001 	 2.842767453754154E-4 	 0.002767060803445677 	 2.842767453754154E-4 	 0.002767060803445677 	 2.842767453754154E-4 	 0.002767060803445677 	 2.842767453754154E-4 	 0.002767060803445677 	 
-0.09600000000000009 	 4.995528754076681E-4 	 0.0025386060967937996 	 4.995528754076681E-4 	 0.0025386060967937996 	 4.995528754076681E-4 	 0.0025386060967937996 	 4.995528754076681E-4 	 0.0025386060967937996 	 
-0.07200000000000006 	 6.762984949466272E-4 	 0.0023611704848750144 	 6.762984949466272E-4 	 0.0023611704848750144 	 6.762984949466272E-4 	 0.0023611704848750144 	 6.762984949466272E-4 	 0.0023611704848750144 	 
-0.04800000000000004 	 0.0010787505952137536 	 0.0021987913101766347 	 0.0010787505952137536 	 0.0021987913101766347 	 0.0010787505952137536 	 0.0021987913101766347 	 0.0010787505952137536 	 0.0021987913101766347 	 
-0.02400000000000002 	 0.002115868363530044 	 0.001748453818164763 	 0.002115868363530044 	 0.001748453818164763 	 0.002115868363530044 	 0.001748453818164763 	 0.002115868363530044 	 0.001748453818164763 	 
0.0 	 0.0028819698447500224 	 0.0014707464230429251 	 0.0028819698447500224 	 0.0014707464230429251 	 0.0028819698447500224 	 0.0014707464230429251 	 0.0028819698447500224 	 0.0014707464230429251 	 
0.02400000000000002 	 0.004948572732457858 	 0.001205861409283956 	 0.004948572732457858 	 0.001205861409283956 	 0.004948572732457858 	 0.001205861409283956 	 0.004948572732457858 	 0.001205861409283956 	 
0.04800000000000004 	 0.00775858223103344 	 0.00124497493478689 	 0.00775858223103344 	 0.00124497493478689 	 0.00775858223103344 	 0.00124497493478689 	 0.00775858223103344 	 0.00124497493478689 	 
0.07200000000000006 	 0.01130008812436522 	 0.001098531571474378 	 0.01130008812436522 	 0.001098531571474378 	 0.01130008812436522 	 0.001098531571474378 	 0.01130008812436522 	 0.001098531571474378 	 
0.09600000000000009 	 0.01398629877946966 	 8.693479121262234E-4 	 0.01398629877946966 	 8.693479121262234E-4 	 0.01398629877946966 	 8.693479121262234E-4 	 0.01398629877946966 	 8.693479121262234E-4 	 
0.1200000000000001 	 0.018862803146379666 	 7.831912565171999E-4 	 0.018862803146379666 	 7.831912565171999E-4 	 0.018862803146379666 	 7.831912565171999E-4 	 0.018862803146379666 	 7.831912565171999E-4 	 
0.14400000000000013 	 0.025271154011797407 	 7.99079147213224E-4 	 0.025271154011797407 	 7.99079147213224E-4 	 0.025271154011797407 	 7.99079147213224E-4 	 0.025271154011797407 	 7.99079147213224E-4 	 
0.16800000000000015 	 0.030539721175640522 	 7.186482593763542E-4 	 0.030539721175640522 	 7.186482593763542E-4 	 0.030539721175640522 	 7.186482593763542E-4 	 0.030539721175640522 	 7.186482593763542E-4 	 
0.19200000000000017 	 0.03775791920811947 	 6.274100684382179E-4 	 0.03775791920811947 	 6.274100684382179E-4 	 0.03775791920811947 	 6.274100684382179E-4 	 0.03775791920811947 	 6.274100684382179E-4 	 
0.2160000000000002 	 0.0427697135194434 	 6.361366196895896E-4 	 0.0427697135194434 	 6.361366196895896E-4 	 0.0427697135194434 	 6.361366196895896E-4 	 0.0427697135194434 	 6.361366196895896E-4 	 
0.2400000000000002 	 0.04829854688234164 	 5.792379601514583E-4 	 0.04829854688234164 	 5.792379601514583E-4 	 0.04829854688234164 	 5.792379601514583E-4 	 0.04829854688234164 	 5.792379601514583E-4 	 
0.26400000000000023 	 0.05403448362948038 	 5.005537332076409E-4 	 0.05403448362948038 	 5.005537332076409E-4 	 0.05403448362948038 	 5.005537332076409E-4 	 0.05403448362948038 	 5.005537332076409E-4 	 
0.28800000000000026 	 0.05525958967371952 	 4.469485428491062E-4 	 0.05525958967371952 	 4.469485428491062E-4 	 0.05525958967371952 	 4.469485428491062E-4 	 0.05525958967371952 	 4.469485428491062E-4 	 
0.3120000000000003 	 0.05744024589702998 	 3.9796527729099563E-4 	 0.05744024589702998 	 3.9796527729099563E-4 	 0.05744024589702998 	 3.9796527729099563E-4 	 0.05744024589702998 	 3.9796527729099563E-4 	 
0.33599999999999985 	 0.05907800755154802 	 4.232038633428953E-4 	 0.05907800755154802 	 4.232038633428953E-4 	 0.05907800755154802 	 4.232038633428953E-4 	 0.05907800755154802 	 4.232038633428953E-4 	 
0.3599999999999999 	 0.057656155020590384 	 3.744595047792801E-4 	 0.057656155020590384 	 3.744595047792801E-4 	 0.057656155020590384 	 3.744595047792801E-4 	 0.057656155020590384 	 3.744595047792801E-4 	 
0.3839999999999999 	 0.05490417136902009 	 3.3432987605569247E-4 	 0.05490417136902009 	 3.3432987605569247E-4 	 0.05490417136902009 	 3.3432987605569247E-4 	 0.05490417136902009 	 3.3432987605569247E-4 	 
0.4079999999999999 	 0.05143528690042798 	 2.9478791186104904E-4 	 0.05143528690042798 	 2.9478791186104904E-4 	 0.05143528690042798 	 2.9478791186104904E-4 	 0.05143528690042798 	 2.9478791186104904E-4 	 
0.43199999999999994 	 0.04551822110757758 	 2.1987598493170026E-4 	 0.04551822110757758 	 2.1987598493170026E-4 	 0.04551822110757758 	 2.1987598493170026E-4 	 0.04551822110757758 	 2.1987598493170026E-4 	 
0.45599999999999996 	 0.041573085702808495 	 2.1132056381619748E-4 	 0.041573085702808495 	 2.1132056381619748E-4 	 0.041573085702808495 	 2.1132056381619748E-4 	 0.041573085702808495 	 2.1132056381619748E-4 	 
0.48 	 0.03705173391293931 	 1.7684229180784283E-4 	 0.03705173391293931 	 1.7684229180784283E-4 	 0.03705173391293931 	 1.7684229180784283E-4 	 0.03705173391293931 	 1.7684229180784283E-4 	 
0.504 	 0.032501985990189754 	 1.90069017073502E-4 	 0.032501985990189754 	 1.90069017073502E-4 	 0.032501985990189754 	 1.90069017073502E-4 	 0.032501985990189754 	 1.90069017073502E-4 	 
0.528 	 0.028382930752690022 	 1.773190014121197E-4 	 0.028382930752690022 	 1.773190014121197E-4 	 0.028382930752690022 	 1.773190014121197E-4 	 0.028382930752690022 	 1.773190014121197E-4 	 
0.552 	 0.024916977929892115 	 1.34307776375596E-4 	 0.024916977929892115 	 1.34307776375596E-4 	 0.024916977929892115 	 1.34307776375596E-4 	 0.024916977929892115 	 1.34307776375596E-4 	 
0.5760000000000001 	 0.020468167630426328 	 1.08353996515367E-4 	 0.020468167630426328 	 1.08353996515367E-4 	 0.020468167630426328 	 1.08353996515367E-4 	 0.020468167630426328 	 1.08353996515367E-4 	 
0.6000000000000001 	 0.018060746336528377 	 7.75930340733687E-5 	 0.018060746336528377 	 7.75930340733687E-5 	 0.018060746336528377 	 7.75930340733687E-5 	 0.018060746336528377 	 7.75930340733687E-5 	 
0.6240000000000001 	 0.01569244965967741 	 8.076264596894662E-5 	 0.01569244965967741 	 8.076264596894662E-5 	 0.01569244965967741 	 8.076264596894662E-5 	 0.01569244965967741 	 8.076264596894662E-5 	 
0.6480000000000001 	 0.01329584110505721 	 4.582017678359859E-5 	 0.01329584110505721 	 4.582017678359859E-5 	 0.01329584110505721 	 4.582017678359859E-5 	 0.01329584110505721 	 4.582017678359859E-5 	 
0.6720000000000002 	 0.01138859919893265 	 4.3583234111420455E-5 	 0.01138859919893265 	 4.3583234111420455E-5 	 0.01138859919893265 	 4.3583234111420455E-5 	 0.01138859919893265 	 4.3583234111420455E-5 	 
0.6960000000000002 	 0.010047854094689309 	 3.9098432988783415E-5 	 0.010047854094689309 	 3.9098432988783415E-5 	 0.010047854094689309 	 3.9098432988783415E-5 	 0.010047854094689309 	 3.9098432988783415E-5 	 
0.7200000000000002 	 0.008745788567674561 	 2.7114528999978884E-5 	 0.008745788567674561 	 2.7114528999978884E-5 	 0.008745788567674561 	 2.7114528999978884E-5 	 0.008745788567674561 	 2.7114528999978884E-5 	 
0.7440000000000002 	 0.007151692664661443 	 3.6808196391969816E-5 	 0.007151692664661443 	 3.6808196391969816E-5 	 0.007151692664661443 	 3.6808196391969816E-5 	 0.007151692664661443 	 3.6808196391969816E-5 	 
0.7680000000000002 	 0.006143346936645105 	 2.0880445864824346E-5 	 0.006143346936645105 	 2.0880445864824346E-5 	 0.006143346936645105 	 2.0880445864824346E-5 	 0.006143346936645105 	 2.0880445864824346E-5 	 
0.7920000000000003 	 0.004892024590480734 	 2.3535067320500287E-5 	 0.004892024590480734 	 2.3535067320500287E-5 	 0.004892024590480734 	 2.3535067320500287E-5 	 0.004892024590480734 	 2.3535067320500287E-5 	 
0.8160000000000003 	 0.0043436642413940945 	 2.2096871626910642E-5 	 0.0043436642413940945 	 2.2096871626910642E-5 	 0.0043436642413940945 	 2.2096871626910642E-5 	 0.0043436642413940945 	 2.2096871626910642E-5 	 
0.8399999999999999 	 0.0036005233581849227 	 1.2515871304827761E-5 	 0.0036005233581849227 	 1.2515871304827761E-5 	 0.0036005233581849227 	 1.2515871304827761E-5 	 0.0036005233581849227 	 1.2515871304827761E-5 	 
0.8639999999999999 	 0.0031989289317426246 	 9.942074019849267E-6 	 0.0031989289317426246 	 9.942074019849267E-6 	 0.0031989289317426246 	 9.942074019849267E-6 	 0.0031989289317426246 	 9.942074019849267E-6 	 
0.8879999999999999 	 0.0026023314512685835 	 1.5409345501956212E-5 	 0.0026023314512685835 	 1.5409345501956212E-5 	 0.0026023314512685835 	 1.5409345501956212E-5 	 0.0026023314512685835 	 1.5409345501956212E-5 	 
0.9119999999999999 	 0.002201091328371054 	 8.774559068796928E-6 	 0.002201091328371054 	 8.774559068796928E-6 	 0.002201091328371054 	 8.774559068796928E-6 	 0.002201091328371054 	 8.774559068796928E-6 	 
0.9359999999999999 	 0.001771061882073825 	 2.1310566506923394E-5 	 0.001771061882073825 	 2.1310566506923394E-5 	 0.001771061882073825 	 2.1310566506923394E-5 	 0.001771061882073825 	 2.1310566506923394E-5 	 
0.96 	 0.0016435925402944133 	 6.972893519621088E-6 	 0.0016435925402944133 	 6.972893519621088E-6 	 0.0016435925402944133 	 6.972893519621088E-6 	 0.0016435925402944133 	 6.972893519621088E-6 	 
0.984 	 0.0014085445441542484 	 4.458125429692486E-6 	 0.0014085445441542484 	 4.458125429692486E-6 	 0.0014085445441542484 	 4.458125429692486E-6 	 0.0014085445441542484 	 4.458125429692486E-6 	 
1.008 	 0.001037508798448014 	 3.710455500606349E-6 	 0.001037508798448014 	 3.710455500606349E-6 	 0.001037508798448014 	 3.710455500606349E-6 	 0.001037508798448014 	 3.710455500606349E-6 	 
1.032 	 0.0011250714629169602 	 3.7688331178169755E-6 	 0.0011250714629169602 	 3.7688331178169755E-6 	 0.0011250714629169602 	 3.7688331178169755E-6 	 0.0011250714629169602 	 3.7688331178169755E-6 	 
1.056 	 9.393688769353216E-4 	 3.3284268585706194E-6 	 9.393688769353216E-4 	 3.3284268585706194E-6 	 9.393688769353216E-4 	 3.3284268585706194E-6 	 9.393688769353216E-4 	 3.3284268585706194E-6 	 
1.08 	 8.80552328116711E-4 	 3.0208405114291573E-6 	 8.80552328116711E-4 	 3.0208405114291573E-6 	 8.80552328116711E-4 	 3.0208405114291573E-6 	 8.80552328116711E-4 	 3.0208405114291573E-6 	 
1.104 	 7.728678147700212E-4 	 2.3796310383258377E-6 	 7.728678147700212E-4 	 2.3796310383258377E-6 	 7.728678147700212E-4 	 2.3796310383258377E-6 	 7.728678147700212E-4 	 2.3796310383258377E-6 	 
1.1280000000000001 	 6.650126308133516E-4 	 2.0454439366719327E-6 	 6.650126308133516E-4 	 2.0454439366719327E-6 	 6.650126308133516E-4 	 2.0454439366719327E-6 	 6.650126308133516E-4 	 2.0454439366719327E-6 	 
1.1520000000000001 	 4.113053681113373E-4 	 1.9968549815122436E-6 	 4.113053681113373E-4 	 1.9968549815122436E-6 	 4.113053681113373E-4 	 1.9968549815122436E-6 	 4.113053681113373E-4 	 1.9968549815122436E-6 	 
1.1760000000000002 	 5.576262509372576E-4 	 2.0114012636743275E-6 	 5.576262509372576E-4 	 2.0114012636743275E-6 	 5.576262509372576E-4 	 2.0114012636743275E-6 	 5.576262509372576E-4 	 2.0114012636743275E-6 	 
1.2000000000000002 	 4.598427933567999E-4 	 1.5193841739465096E-6 	 4.598427933567999E-4 	 1.5193841739465096E-6 	 4.598427933567999E-4 	 1.5193841739465096E-6 	 4.598427933567999E-4 	 1.5193841739465096E-6 	 
1.2240000000000002 	 4.0114722623640247E-4 	 1.2089458996036248E-6 	 4.0114722623640247E-4 	 1.2089458996036248E-6 	 4.0114722623640247E-4 	 1.2089458996036248E-6 	 4.0114722623640247E-4 	 1.2089458996036248E-6 	 
1.2480000000000002 	 3.618886651663641E-4 	 1.0168516185001926E-6 	 3.618886651663641E-4 	 1.0168516185001926E-6 	 3.618886651663641E-4 	 1.0168516185001926E-6 	 3.618886651663641E-4 	 1.0168516185001926E-6 	 
1.2720000000000002 	 2.5442883211635473E-4 	 1.4047391726927928E-6 	 2.5442883211635473E-4 	 1.4047391726927928E-6 	 2.5442883211635473E-4 	 1.4047391726927928E-6 	 2.5442883211635473E-4 	 1.4047391726927928E-6 	 
1.2960000000000003 	 2.542603218938442E-4 	 9.0428942687447E-6 	 2.542603218938442E-4 	 9.0428942687447E-6 	 2.542603218938442E-4 	 9.0428942687447E-6 	 2.542603218938442E-4 	 9.0428942687447E-6 	 
1.3200000000000003 	 1.5662161027374857E-4 	 9.548791972981376E-6 	 1.5662161027374857E-4 	 9.548791972981376E-6 	 1.5662161027374857E-4 	 9.548791972981376E-6 	 1.5662161027374857E-4 	 9.548791972981376E-6 	 
1.3440000000000003 	 1.7614071104789545E-4 	 1.7380127409263514E-6 	 1.7614071104789545E-4 	 1.7380127409263514E-6 	 1.7614071104789545E-4 	 1.7380127409263514E-6 	 1.7614071104789545E-4 	 1.7380127409263514E-6 	 
1.3680000000000003 	 1.663865616294921E-4 	 6.706116238732343E-7 	 1.663865616294921E-4 	 6.706116238732343E-7 	 1.663865616294921E-4 	 6.706116238732343E-7 	 1.663865616294921E-4 	 6.706116238732343E-7 	 
1.3920000000000003 	 1.7612126756068265E-4 	 8.221375391499571E-7 	 1.7612126756068265E-4 	 8.221375391499571E-7 	 1.7612126756068265E-4 	 8.221375391499571E-7 	 1.7612126756068265E-4 	 8.221375391499571E-7 	 
1.4160000000000004 	 1.5659136484919548E-4 	 5.571397699453461E-7 	 1.5659136484919548E-4 	 5.571397699453461E-7 	 1.5659136484919548E-4 	 5.571397699453461E-7 	 1.5659136484919548E-4 	 5.571397699453461E-7 	 
1.4400000000000004 	 1.66254777993939E-4 	 4.4523431184488793E-7 	 1.66254777993939E-4 	 4.4523431184488793E-7 	 1.66254777993939E-4 	 4.4523431184488793E-7 	 1.66254777993939E-4 	 4.4523431184488793E-7 	 
1.4640000000000004 	 1.0764346598479658E-4 	 3.325144049731174E-7 	 1.0764346598479658E-4 	 3.325144049731174E-7 	 1.0764346598479658E-4 	 3.325144049731174E-7 	 1.0764346598479658E-4 	 3.325144049731174E-7 	 
1.4880000000000004 	 1.0757001281088168E-4 	 3.0033569247958613E-7 	 1.0757001281088168E-4 	 3.0033569247958613E-7 	 1.0757001281088168E-4 	 3.0033569247958613E-7 	 1.0757001281088168E-4 	 3.0033569247958613E-7 	 
1.5120000000000005 	 6.84756411884179E-5 	 2.3812306014134812E-7 	 6.84756411884179E-5 	 2.3812306014134812E-7 	 6.84756411884179E-5 	 2.3812306014134812E-7 	 6.84756411884179E-5 	 2.3812306014134812E-7 	 
1.5360000000000005 	 4.9004068938569046E-5 	 2.2525159615330105E-7 	 4.9004068938569046E-5 	 2.2525159615330105E-7 	 4.9004068938569046E-5 	 2.2525159615330105E-7 	 4.9004068938569046E-5 	 2.2525159615330105E-7 	 
1.5600000000000005 	 8.80228269996498E-5 	 2.4026783172359795E-7 	 8.80228269996498E-5 	 2.4026783172359795E-7 	 8.80228269996498E-5 	 2.4026783172359795E-7 	 8.80228269996498E-5 	 2.4026783172359795E-7 	 
1.5840000000000005 	 5.873661448229137E-5 	 1.9736349767849255E-7 	 5.873661448229137E-5 	 1.9736349767849255E-7 	 5.873661448229137E-5 	 1.9736349767849255E-7 	 5.873661448229137E-5 	 1.9736349767849255E-7 	 
1.6080000000000005 	 6.847780157588596E-5 	 1.5445763088737742E-7 	 6.847780157588596E-5 	 1.5445763088737742E-7 	 6.847780157588596E-5 	 1.5445763088737742E-7 	 6.847780157588596E-5 	 1.5445763088737742E-7 	 
1.6319999999999997 	 5.8641557433695655E-5 	 1.244248447949525E-7 	 5.8641557433695655E-5 	 1.244248447949525E-7 	 5.8641557433695655E-5 	 1.244248447949525E-7 	 5.8641557433695655E-5 	 1.244248447949525E-7 	 
1.6559999999999997 	 1.957095007338081E-5 	 8.152019576061761E-8 	 1.957095007338081E-5 	 8.152019576061761E-8 	 1.957095007338081E-5 	 8.152019576061761E-8 	 1.957095007338081E-5 	 8.152019576061761E-8 	 
1.6799999999999997 	 1.9557987748572302E-5 	 8.151956586887643E-8 	 1.9557987748572302E-5 	 8.151956586887643E-8 	 1.9557987748572302E-5 	 8.151956586887643E-8 	 1.9557987748572302E-5 	 8.151956586887643E-8 	 
1.7039999999999997 	 9.825442204849977E-6 	 7.72291828669412E-8 	 9.825442204849977E-6 	 7.72291828669412E-8 	 9.825442204849977E-6 	 7.72291828669412E-8 	 9.825442204849977E-6 	 7.72291828669412E-8 	 
1.7279999999999998 	 2.9359665691273357E-5 	 8.795493044848369E-8 	 2.9359665691273357E-5 	 8.795493044848369E-8 	 2.9359665691273357E-5 	 8.795493044848369E-8 	 2.9359665691273357E-5 	 8.795493044848369E-8 	 
1.7519999999999998 	 2.9355344916337187E-5 	 7.722878393938207E-8 	 2.9355344916337187E-5 	 7.722878393938207E-8 	 2.9355344916337187E-5 	 7.722878393938207E-8 	 2.9355344916337187E-5 	 7.722878393938207E-8 	 
1.7759999999999998 	 2.9322939104315912E-5 	 7.508376039336646E-8 	 2.9322939104315912E-5 	 7.508376039336646E-8 	 2.9322939104315912E-5 	 7.508376039336646E-8 	 2.9322939104315912E-5 	 7.508376039336646E-8 	 
1.7999999999999998 	 9.805998717637213E-6 	 5.1486086911440396E-8 	 9.805998717637213E-6 	 5.1486086911440396E-8 	 9.805998717637213E-6 	 5.1486086911440396E-8 	 9.805998717637213E-6 	 5.1486086911440396E-8 	 
1.8239999999999998 	 1.957095007338081E-5 	 4.7195220995531565E-8 	 1.957095007338081E-5 	 4.7195220995531565E-8 	 1.957095007338081E-5 	 4.7195220995531565E-8 	 1.957095007338081E-5 	 4.7195220995531565E-8 	 
1.8479999999999999 	 1.9551506586168047E-5 	 3.432379899596514E-8 	 1.9551506586168047E-5 	 3.432379899596514E-8 	 1.9551506586168047E-5 	 3.432379899596514E-8 	 1.9551506586168047E-5 	 3.432379899596514E-8 	 
1.8719999999999999 	 9.769272130679769E-6 	 3.003343696854375E-8 	 9.769272130679769E-6 	 3.003343696854375E-8 	 9.769272130679769E-6 	 3.003343696854375E-8 	 9.769272130679769E-6 	 3.003343696854375E-8 	 
1.896 	 1.9443487212763804E-8 	 1.7161909995308377E-8 	 1.9443487212763804E-8 	 1.7161909995308377E-8 	 1.9443487212763804E-8 	 1.7161909995308377E-8 	 1.9443487212763804E-8 	 1.7161909995308377E-8 	 
1.92 	 9.786555230424448E-6 	 3.003333199446386E-8 	 9.786555230424448E-6 	 3.003333199446386E-8 	 9.786555230424448E-6 	 3.003333199446386E-8 	 9.786555230424448E-6 	 3.003333199446386E-8 	 
1.944 	 9.784394842956363E-6 	 2.145237699680967E-8 	 9.784394842956363E-6 	 2.145237699680967E-8 	 9.784394842956363E-6 	 2.145237699680967E-8 	 9.784394842956363E-6 	 2.145237699680967E-8 	 
1.968 	 9.769272130679769E-6 	 2.145237699680967E-8 	 9.769272130679769E-6 	 2.145237699680967E-8 	 9.769272130679769E-6 	 2.145237699680967E-8 	 9.769272130679769E-6 	 2.145237699680967E-8 	 
1.992 	 1.7283099744678937E-8 	 1.5016718483860935E-8 	 1.7283099744678937E-8 	 1.5016718483860935E-8 	 1.7283099744678937E-8 	 1.5016718483860935E-8 	 1.7283099744678937E-8 	 1.5016718483860935E-8 	 
2.016 	 9.771432518147854E-6 	 2.3597568508257112E-8 	 9.771432518147854E-6 	 2.3597568508257112E-8 	 9.771432518147854E-6 	 2.3597568508257112E-8 	 9.771432518147854E-6 	 2.3597568508257112E-8 	 
2.04 	 3.4566199489357874E-8 	 1.2871401004503878E-8 	 3.4566199489357874E-8 	 1.2871401004503878E-8 	 3.4566199489357874E-8 	 1.2871401004503878E-8 	 3.4566199489357874E-8 	 1.2871401004503878E-8 	 
2.064 	 1.9534223486423367E-5 	 2.1452335007506462E-8 	 1.9534223486423367E-5 	 2.1452335007506462E-8 	 1.9534223486423367E-5 	 2.1452335007506462E-8 	 1.9534223486423367E-5 	 2.1452335007506462E-8 	 
2.088 	 0.0 	 0.0 	 0.0 	 0.0 	 0.0 	 0.0 	 0.0 	 0.0 	 
2.112 	 0.0 	 0.0 	 0.0 	 0.0 	 0.0 	 0.0 	 0.0 	 0.0 	 
2.136 	 0.0 	 0.0 	 0.0 	 0.0 	 0.0 	 0.0 	 0.0 	 0.0 	 
2.16 	 0.0 	 0.0 	 0.0 	 0.0 	 0.0 	 0.0 	 0.0 	 0.0 	 
2.184 	 0.0 	 0.0 	 0.0 	 0.0 	 0.0 	 0.0 	 0.0 	 0.0 	 
2.208 	 0.0 	 0.0 	 0.0 	 0.0 	 0.0 	 0.0 	 0.0 	 0.0 	 
2.232 	 0.0 	 0.0 	 0.0 	 0.0 	 0.0 	 0.0 	 0.0 	 0.0 	 
2.2560000000000002 	 0.0 	 0.0 	 0.0 	 0.0 	 0.0 	 0.0 	 0.0 	 0.0 	 
2.2800000000000002 	 0.0 	 0.0 	 0.0 	 0.0 	 0.0 	 0.0 	 0.0 	 0.0 	 
2.3040000000000003 	 0.0 	 0.0 	 0.0 	 0.0 	 0.0 	 0.0 	 0.0 	 0.0 	 
2.3280000000000003 	 0.0 	 0.0 	 0.0 	 0.0 	 0.0 	 0.0 	 0.0 	 0.0 	 
2.3520000000000003 	 0.0 	 0.0 	 0.0 	 0.0 	 0.0 	 0.0 	 0.0 	 0.0 	 
2.3760000000000003 	 0.0 	 0.0 	 0.0 	 0.0 	 0.0 	 0.0 	 0.0 	 0.0 	 
2.4000000000000004 	 0.0 	 0.0 	 0.0 	 0.0 	 0.0 	 0.0 	 0.0 	 0.0 	 
2.4240000000000004 	 0.0 	 0.0 	 0.0 	 0.0 	 0.0 	 0.0 	 0.0 	 0.0 	 
2.4480000000000004 	 0.0 	 0.0 	 0.0 	 0.0 	 0.0 	 0.0 	 0.0 	 0.0 	 
2.4720000000000004 	 0.0 	 0.0 	 0.0 	 0.0 	 0.0 	 0.0 	 0.0 	 0.0 	 
2.4960000000000004 	 0.0 	 0.0 	 0.0 	 0.0 	 0.0 	 0.0 	 0.0 	 0.0 	 
2.5200000000000005 	 0.0 	 0.0 	 0.0 	 0.0 	 0.0 	 0.0 	 0.0 	 0.0 	 
2.5440000000000005 	 0.0 	 0.0 	 0.0 	 0.0 	 0.0 	 0.0 	 0.0 	 0.0 	 
2.5680000000000005 	 0.0 	 0.0 	 0.0 	 0.0 	 0.0 	 0.0 	 0.0 	 0.0 	 
2.5920000000000005 	 0.0 	 0.0 	 0.0 	 0.0 	 0.0 	 0.0 	 0.0 	 0.0 	 
2.6160000000000005 	 0.0 	 0.0 	 0.0 	 0.0 	 0.0 	 0.0 	 0.0 	 0.0 	 
2.6399999999999997 	 0.0 	 0.0 	 0.0 	 0.0 	 0.0 	 0.0 	 0.0 	 0.0 	 
2.6639999999999997 	 0.0 	 0.0 	 0.0 	 0.0 	 0.0 	 0.0 	 0.0 	 0.0 	 
2.6879999999999997 	 0.0 	 0.0 	 0.0 	 0.0 	 0.0 	 0.0 	 0.0 	 0.0 	 
2.7119999999999997 	 0.0 	 0.0 	 0.0 	 0.0 	 0.0 	 0.0 	 0.0 	 0.0 	 
2.7359999999999998 	 0.0 	 0.0 	 0.0 	 0.0 	 0.0 	 0.0 	 0.0 	 0.0 	 
2.76 	 0.0 	 0.0 	 0.0 	 0.0 	 0.0 	 0.0 	 0.0 	 0.0 	 
2.784 	 0.0 	 0.0 	 0.0 	 0.0 	 0.0 	 0.0 	 0.0 	 0.0 	 
2.808 	 0.0 	 0.0 	 0.0 	 0.0 	 0.0 	 0.0 	 0.0 	 0.0 	 
2.832 	 0.0 	 0.0 	 0.0 	 0.0 	 0.0 	 0.0 	 0.0 	 0.0 	 
2.856 	 0.0 	 0.0 	 0.0 	 0.0 	 0.0 	 0.0 	 0.0 	 0.0 	 
2.88 	 0.0 	 0.0 	 0.0 	 0.0 	 0.0 	 0.0 	 0.0 	 0.0 	 
2.904 	 0.0 	 0.0 	 0.0 	 0.0 	 0.0 	 0.0 	 0.0 	 0.0 	 
2.928 	 0.0 	 0.0 	 0.0 	 0.0 	 0.0 	 0.0 	 0.0 	 0.0 	 
2.952 	 0.0 	 0.0 	 0.0 	 0.0 	 0.0 	 0.0 	 0.0 	 0.0 	 
2.976 	 0.0 	 0.0 	 0.0 	 0.0 	 0.0 	 0.0 	 0.0 	 0.0 	 
