-3.0 	 7.512325940562249E-6 	 2.197635415301903E-5 	 7.512325940562249E-6 	 2.197635415301903E-5 	 5.4940462366082927E-5 	 8.032260605579381E-4 	 5.4940462366082927E-5 	 8.032260605579381E-4 	 
-2.976 	 1.4676639158478302E-5 	 2.9572644071787868E-5 	 1.4676639158478302E-5 	 2.9572644071787868E-5 	 7.164405350873682E-5 	 0.0011555254855488478 	 7.164405350873682E-5 	 0.0011555254855488478 	 
-2.952 	 1.0575007299024017E-5 	 2.8985958072577356E-5 	 1.0575007299024017E-5 	 2.8985958072577356E-5 	 7.747740229746204E-5 	 0.0013517102874483391 	 7.747740229746204E-5 	 0.0013517102874483391 	 
-2.928 	 1.6651195179739904E-5 	 3.432678269459443E-5 	 1.6651195179739904E-5 	 3.432678269459443E-5 	 8.9341403869625E-5 	 0.0016162984567894673 	 8.9341403869625E-5 	 0.0016162984567894673 	 
-2.904 	 1.1715994955688692E-5 	 3.313478720195641E-5 	 1.1715994955688692E-5 	 3.313478720195641E-5 	 9.404834019959853E-5 	 0.0017715499111028879 	 9.404834019959853E-5 	 0.0017715499111028879 	 
-2.88 	 1.4042636069456516E-5 	 3.761025006623767E-5 	 1.4042636069456516E-5 	 3.761025006623767E-5 	 1.0571707329023433E-4 	 0.002008566943806558 	 1.0571707329023433E-4 	 0.002008566943806558 	 
-2.856 	 1.6446631120523336E-5 	 3.5766308361809736E-5 	 1.6446631120523336E-5 	 3.5766308361809736E-5 	 9.136834718290417E-5 	 0.0015460673490391094 	 9.136834718290417E-5 	 0.0015460673490391094 	 
-2.832 	 1.1697422480202654E-5 	 3.503927501000363E-5 	 1.1697422480202654E-5 	 3.503927501000363E-5 	 9.672698126369016E-5 	 0.0017015224086732248 	 9.672698126369016E-5 	 0.0017015224086732248 	 
-2.808 	 1.2718652641882615E-5 	 3.611645033015537E-5 	 1.2718652641882615E-5 	 3.611645033015537E-5 	 9.873056132388589E-5 	 0.0017298283035319473 	 9.873056132388589E-5 	 0.0017298283035319473 	 
-2.784 	 1.9127063428447585E-5 	 4.280947095452139E-5 	 1.9127063428447585E-5 	 4.280947095452139E-5 	 1.1066580449100886E-4 	 0.0019102191350478341 	 1.1066580449100886E-4 	 0.0019102191350478341 	 
-2.76 	 1.713515451673344E-5 	 4.730020097537052E-5 	 1.713515451673344E-5 	 4.730020097537052E-5 	 1.3529949976816397E-4 	 0.0025949456480303945 	 1.3529949976816397E-4 	 0.0025949456480303945 	 
-2.7359999999999998 	 1.7139190390862933E-5 	 4.738179986612742E-5 	 1.7139190390862933E-5 	 4.738179986612742E-5 	 1.327995981462045E-4 	 0.0024459678895879474 	 1.327995981462045E-4 	 0.0024459678895879474 	 
-2.7119999999999997 	 2.209722717270662E-5 	 5.043284072664235E-5 	 2.209722717270662E-5 	 5.043284072664235E-5 	 1.2928141862299667E-4 	 0.0021924951339802137 	 1.2928141862299667E-4 	 0.0021924951339802137 	 
-2.688 	 2.0354162028355995E-5 	 4.781743020696356E-5 	 2.0354162028355995E-5 	 4.781743020696356E-5 	 1.2201483836237528E-4 	 0.002007188184589476 	 1.2201483836237528E-4 	 0.002007188184589476 	 
-2.664 	 1.7316008403964026E-5 	 5.030509688304574E-5 	 1.7316008403964026E-5 	 5.030509688304574E-5 	 1.421641607288109E-4 	 0.0026006850406890356 	 1.421641607288109E-4 	 0.0026006850406890356 	 
-2.64 	 2.1722841999337735E-5 	 5.9146113533422924E-5 	 2.1722841999337735E-5 	 5.9146113533422924E-5 	 1.69535535924954E-4 	 0.003260510824316837 	 1.69535535924954E-4 	 0.003260510824316837 	 
-2.616 	 2.581598887519489E-5 	 6.179453299345471E-5 	 2.581598887519489E-5 	 6.179453299345471E-5 	 1.6568494195776446E-4 	 0.002969261811715412 	 1.6568494195776446E-4 	 0.002969261811715412 	 
-2.592 	 1.9034134263922267E-5 	 5.61583004266188E-5 	 1.9034134263922267E-5 	 5.61583004266188E-5 	 1.5468075800745295E-4 	 0.002722454233331644 	 1.5468075800745295E-4 	 0.002722454233331644 	 
-2.568 	 2.3004823915591093E-5 	 6.449742297281055E-5 	 2.3004823915591093E-5 	 6.449742297281055E-5 	 1.8134415066932698E-4 	 0.0033440914947405953 	 1.8134415066932698E-4 	 0.0033440914947405953 	 
-2.544 	 2.795440962199449E-5 	 7.403354744475927E-5 	 2.795440962199449E-5 	 7.403354744475927E-5 	 2.0874401952378688E-4 	 0.003938739672839848 	 2.0874401952378688E-4 	 0.003938739672839848 	 
-2.52 	 3.0903079295140257E-5 	 7.116263234710252E-5 	 3.0903079295140257E-5 	 7.116263234710252E-5 	 1.816207329200073E-4 	 0.0030592167339211773 	 1.816207329200073E-4 	 0.0030592167339211773 	 
-2.496 	 4.144445769347625E-5 	 8.617067311550447E-5 	 4.144445769347625E-5 	 8.617067311550447E-5 	 2.213406620382267E-4 	 0.003923857980737943 	 2.213406620382267E-4 	 0.003923857980737943 	 
-2.472 	 3.932428722045661E-5 	 9.070470114976291E-5 	 3.932428722045661E-5 	 9.070470114976291E-5 	 2.45751695857462E-4 	 0.004560097185312146 	 2.45751695857462E-4 	 0.004560097185312146 	 
-2.448 	 4.1928037740937555E-5 	 8.810074971364464E-5 	 4.1928037740937555E-5 	 8.810074971364464E-5 	 2.197991558859474E-4 	 0.003672152581440657 	 2.197991558859474E-4 	 0.003672152581440657 	 
-2.424 	 5.2278514391336516E-5 	 1.0514561645745276E-4 	 5.2278514391336516E-5 	 1.0514561645745276E-4 	 2.7032385981208806E-4 	 0.00485719538506251 	 2.7032385981208806E-4 	 0.00485719538506251 	 
-2.4 	 3.443815945125864E-5 	 9.245235169131885E-5 	 3.443815945125864E-5 	 9.245235169131885E-5 	 2.579356250991151E-4 	 0.004710143892217867 	 2.579356250991151E-4 	 0.004710143892217867 	 
-2.376 	 4.9610366030694545E-5 	 1.0781783189584853E-4 	 4.9610366030694545E-5 	 1.0781783189584853E-4 	 2.8375049276587675E-4 	 0.0051141201004497065 	 2.8375049276587675E-4 	 0.0051141201004497065 	 
-2.352 	 5.3733556005394234E-5 	 1.1826698859708439E-4 	 5.3733556005394234E-5 	 1.1826698859708439E-4 	 3.182640113200016E-4 	 0.005902216126739396 	 3.182640113200016E-4 	 0.005902216126739396 	 
-2.328 	 5.316474384216728E-5 	 1.1901407084495293E-4 	 5.316474384216728E-5 	 1.1901407084495293E-4 	 3.123319968484801E-4 	 0.005517795842605432 	 3.123319968484801E-4 	 0.005517795842605432 	 
-2.304 	 5.299014124280115E-5 	 1.2532156395691203E-4 	 5.299014124280115E-5 	 1.2532156395691203E-4 	 3.414941849250192E-4 	 0.006313775453366074 	 3.414941849250192E-4 	 0.006313775453366074 	 
-2.2800000000000002 	 6.0057468757169485E-5 	 1.348451387401807E-4 	 6.0057468757169485E-5 	 1.348451387401807E-4 	 3.624455236385209E-4 	 0.006668546374780968 	 3.624455236385209E-4 	 0.006668546374780968 	 
-2.2560000000000002 	 9.672011103294695E-5 	 1.6688557604159268E-4 	 9.672011103294695E-5 	 1.6688557604159268E-4 	 4.031526413766199E-4 	 0.00696873045553065 	 4.031526413766199E-4 	 0.00696873045553065 	 
-2.232 	 8.639812027926948E-5 	 1.656337050522704E-4 	 8.639812027926948E-5 	 1.656337050522704E-4 	 4.3020216881552804E-4 	 0.007928601495014094 	 4.3020216881552804E-4 	 0.007928601495014094 	 
-2.208 	 7.258950223200061E-5 	 1.5053629716393468E-4 	 7.258950223200061E-5 	 1.5053629716393468E-4 	 3.868849440713816E-4 	 0.006697542465627189 	 3.868849440713816E-4 	 0.006697542465627189 	 
-2.184 	 6.993363998731322E-5 	 1.5677497943915452E-4 	 6.993363998731322E-5 	 1.5677497943915452E-4 	 4.258512307418857E-4 	 0.007801446756642991 	 4.258512307418857E-4 	 0.007801446756642991 	 
-2.16 	 6.612247872683538E-5 	 1.6464634275922365E-4 	 6.612247872683538E-5 	 1.6464634275922365E-4 	 4.6756771760928537E-4 	 0.008919532052300503 	 4.6756771760928537E-4 	 0.008919532052300503 	 
-2.136 	 7.79254873756747E-5 	 1.7919933451674257E-4 	 7.79254873756747E-5 	 1.7919933451674257E-4 	 4.949046720448705E-4 	 0.009230903372640153 	 4.949046720448705E-4 	 0.009230903372640153 	 
-2.112 	 6.299155615984658E-5 	 1.7061947270965235E-4 	 6.299155615984658E-5 	 1.7061947270965235E-4 	 4.898554284327796E-4 	 0.009224622625061607 	 4.898554284327796E-4 	 0.009224622625061607 	 
-2.088 	 8.64951514392086E-5 	 1.9721202397042286E-4 	 8.64951514392086E-5 	 1.9721202397042286E-4 	 5.399228369722596E-4 	 0.009972860992045796 	 5.399228369722596E-4 	 0.009972860992045796 	 
-2.064 	 9.002120466496385E-5 	 2.062990343536194E-4 	 9.002120466496385E-5 	 2.062990343536194E-4 	 5.703760951970304E-4 	 0.01065278969960852 	 5.703760951970304E-4 	 0.01065278969960852 	 
-2.04 	 9.003577243509653E-5 	 2.145122834440765E-4 	 9.003577243509653E-5 	 2.145122834440765E-4 	 5.944546613011502E-4 	 0.01107476163146935 	 5.944546613011502E-4 	 0.01107476163146935 	 
-2.016 	 1.0196768119197354E-4 	 2.3231572724004173E-4 	 1.0196768119197354E-4 	 2.3231572724004173E-4 	 6.358701097546144E-4 	 0.011744081261795932 	 6.358701097546144E-4 	 0.011744081261795932 	 
-1.992 	 1.2263107812501728E-4 	 2.5185876187493563E-4 	 1.2263107812501728E-4 	 2.5185876187493563E-4 	 6.735698165831281E-4 	 0.01241344000445776 	 6.735698165831281E-4 	 0.01241344000445776 	 
-1.968 	 1.285560192913078E-4 	 2.6673736422412906E-4 	 1.285560192913078E-4 	 2.6673736422412906E-4 	 7.18915933691564E-4 	 0.013319873929427123 	 7.18915933691564E-4 	 0.013319873929427123 	 
-1.944 	 1.0383214143848717E-4 	 2.5928225386289924E-4 	 1.0383214143848717E-4 	 2.5928225386289924E-4 	 7.389557005835842E-4 	 0.013998618823947186 	 7.389557005835842E-4 	 0.013998618823947186 	 
-1.92 	 1.104186909373175E-4 	 2.697918936813131E-4 	 1.104186909373175E-4 	 2.697918936813131E-4 	 7.610419506554138E-4 	 0.014237510909797944 	 7.610419506554138E-4 	 0.014237510909797944 	 
-1.896 	 1.0642881483723759E-4 	 2.742777008579786E-4 	 1.0642881483723759E-4 	 2.742777008579786E-4 	 7.841027823279856E-4 	 0.014725044012497933 	 7.841027823279856E-4 	 0.014725044012497933 	 
-1.8719999999999999 	 1.4681935401082867E-4 	 3.2321591460388684E-4 	 1.4681935401082867E-4 	 3.2321591460388684E-4 	 8.928763153453393E-4 	 0.016788980723216353 	 8.928763153453393E-4 	 0.016788980723216353 	 
-1.8479999999999999 	 1.327176317003366E-4 	 3.1621917777894073E-4 	 1.327176317003366E-4 	 3.1621917777894073E-4 	 8.80178855379411E-4 	 0.016228575489533346 	 8.80178855379411E-4 	 0.016228575489533346 	 
-1.824 	 1.3832489230636728E-4 	 3.3098313871329397E-4 	 1.3832489230636728E-4 	 3.3098313871329397E-4 	 9.252171890463315E-4 	 0.017096489718596886 	 9.252171890463315E-4 	 0.017096489718596886 	 
-1.8 	 1.5048705626489526E-4 	 3.6018350543418987E-4 	 1.5048705626489526E-4 	 3.6018350543418987E-4 	 0.00101346708664221 	 0.01890504272998765 	 0.00101346708664221 	 0.01890504272998765 	 
-1.776 	 1.68144645933012E-4 	 3.83464200426122E-4 	 1.68144645933012E-4 	 3.83464200426122E-4 	 0.001049574408414373 	 0.019034987451427787 	 0.001049574408414373 	 0.019034987451427787 	 
-1.752 	 1.562573953353858E-4 	 3.932303546985084E-4 	 1.562573953353858E-4 	 3.932303546985084E-4 	 0.0011067731635320812 	 0.0201795720154687 	 0.0011067731635320812 	 0.0201795720154687 	 
-1.728 	 1.5386281032715227E-4 	 4.09481933428663E-4 	 1.5386281032715227E-4 	 4.09481933428663E-4 	 0.001155289749726809 	 0.020736570185033804 	 0.001155289749726809 	 0.020736570185033804 	 
-1.704 	 1.8870021604558881E-4 	 4.593647088845464E-4 	 1.8870021604558881E-4 	 4.593647088845464E-4 	 0.001260966802927163 	 0.022234943608364793 	 0.001260966802927163 	 0.022234943608364793 	 
-1.68 	 1.9107111292611772E-4 	 4.7940873094468495E-4 	 1.9107111292611772E-4 	 4.7940873094468495E-4 	 0.0013017260284182417 	 0.022131802744501293 	 0.0013017260284182417 	 0.022131802744501293 	 
-1.656 	 1.977791466041974E-4 	 5.081730908966857E-4 	 1.977791466041974E-4 	 5.081730908966857E-4 	 0.0013681559496486833 	 0.022614970600923146 	 0.0013681559496486833 	 0.022614970600923146 	 
-1.632 	 2.10897970922792E-4 	 5.524591334155603E-4 	 2.10897970922792E-4 	 5.524591334155603E-4 	 0.0014888015991336016 	 0.02442756384597059 	 0.0014888015991336016 	 0.02442756384597059 	 
-1.6079999999999999 	 2.12065595295257E-4 	 5.816991215456211E-4 	 2.12065595295257E-4 	 5.816991215456211E-4 	 0.0015530392298330634 	 0.024511703544685556 	 0.0015530392298330634 	 0.024511703544685556 	 
-1.584 	 2.3417539817532375E-4 	 6.322207126344678E-4 	 2.3417539817532375E-4 	 6.322207126344678E-4 	 0.001663034073116932 	 0.025517081909464657 	 0.001663034073116932 	 0.025517081909464657 	 
-1.56 	 2.4348874170228998E-4 	 6.749205903953968E-4 	 2.4348874170228998E-4 	 6.749205903953968E-4 	 0.0017684564259000275 	 0.02652082572393067 	 0.0017684564259000275 	 0.02652082572393067 	 
-1.536 	 2.40342948326315E-4 	 7.00713488078181E-4 	 2.40342948326315E-4 	 7.00713488078181E-4 	 0.0018157016820010458 	 0.02593110467756094 	 0.0018157016820010458 	 0.02593110467756094 	 
-1.512 	 2.4586180265448015E-4 	 7.408153058678546E-4 	 2.4586180265448015E-4 	 7.408153058678546E-4 	 0.0019028891935775124 	 0.026305382906039104 	 0.0019028891935775124 	 0.026305382906039104 	 
-1.488 	 2.6479394903263946E-4 	 7.924574293395104E-4 	 2.6479394903263946E-4 	 7.924574293395104E-4 	 0.0020162095099709393 	 0.02727353357494286 	 0.0020162095099709393 	 0.02727353357494286 	 
-1.464 	 2.7556206392124013E-4 	 8.190181519193748E-4 	 2.7556206392124013E-4 	 8.190181519193748E-4 	 0.002025757315565653 	 0.025455444409695716 	 0.002025757315565653 	 0.025455444409695716 	 
-1.44 	 2.8722479811475987E-4 	 8.563634659580558E-4 	 2.8722479811475987E-4 	 8.563634659580558E-4 	 0.002099554418409569 	 0.025747487383987296 	 0.002099554418409569 	 0.025747487383987296 	 
-1.416 	 2.762989345426835E-4 	 8.662467626068865E-4 	 2.762989345426835E-4 	 8.662467626068865E-4 	 0.0021069162829362668 	 0.0246174810705868 	 0.0021069162829362668 	 0.0246174810705868 	 
-1.392 	 2.9649642881217906E-4 	 9.036175309928253E-4 	 2.9649642881217906E-4 	 9.036175309928253E-4 	 0.0021587209567281783 	 0.02433090540994622 	 0.0021587209567281783 	 0.02433090540994622 	 
-1.3679999999999999 	 2.792749708632748E-4 	 9.070573815890914E-4 	 2.792749708632748E-4 	 9.070573815890914E-4 	 0.002158549584217375 	 0.023324423866809052 	 0.002158549584217375 	 0.023324423866809052 	 
-1.3439999999999999 	 2.858398546123137E-4 	 9.169952931683711E-4 	 2.858398546123137E-4 	 9.169952931683711E-4 	 0.0021348871463192165 	 0.021630861130250603 	 0.0021348871463192165 	 0.021630861130250603 	 
-1.32 	 2.712285735788037E-4 	 9.127405271888408E-4 	 2.712285735788037E-4 	 9.127405271888408E-4 	 0.0021062623530884957 	 0.020233291021709367 	 0.0021062623530884957 	 0.020233291021709367 	 
-1.296 	 2.6611103748239054E-4 	 9.012137901682652E-4 	 2.6611103748239054E-4 	 9.012137901682652E-4 	 0.002031128926464169 	 0.01787144227393778 	 0.002031128926464169 	 0.01787144227393778 	 
-1.272 	 2.858839848527235E-4 	 9.149796929231062E-4 	 2.858839848527235E-4 	 9.149796929231062E-4 	 0.0019994659455674114 	 0.016037645203305483 	 0.0019994659455674114 	 0.016037645203305483 	 
-1.248 	 2.531351774861742E-4 	 8.8389854359488E-4 	 2.531351774861742E-4 	 8.8389854359488E-4 	 0.0019228689160998179 	 0.014371039437217271 	 0.0019228689160998179 	 0.014371039437217271 	 
-1.224 	 2.44239015575569E-4 	 8.727439869002996E-4 	 2.44239015575569E-4 	 8.727439869002996E-4 	 0.001873654120273568 	 0.013182355287728745 	 0.001873654120273568 	 0.013182355287728745 	 
-1.2 	 2.3987699595144152E-4 	 8.677139790810214E-4 	 2.3987699595144152E-4 	 8.677139790810214E-4 	 0.001819362740580962 	 0.011312957232053174 	 0.001819362740580962 	 0.011312957232053174 	 
-1.176 	 2.3477939343945743E-4 	 8.510304740625078E-4 	 2.3477939343945743E-4 	 8.510304740625078E-4 	 0.0017508295191209255 	 0.009866395240844652 	 0.0017508295191209255 	 0.009866395240844652 	 
-1.152 	 2.438663635892033E-4 	 8.544424388989659E-4 	 2.438663635892033E-4 	 8.544424388989659E-4 	 0.0017134997596463019 	 0.008497741612413076 	 0.0017134997596463019 	 0.008497741612413076 	 
-1.128 	 2.536569362119468E-4 	 8.517664322412765E-4 	 2.536569362119468E-4 	 8.517664322412765E-4 	 0.001660910984943758 	 0.0071071106172490685 	 0.001660910984943758 	 0.0071071106172490685 	 
-1.1039999999999999 	 2.348983043809707E-4 	 8.35026856716494E-4 	 2.348983043809707E-4 	 8.35026856716494E-4 	 0.001611543442386994 	 0.006038337764800711 	 0.001611543442386994 	 0.006038337764800711 	 
-1.08 	 2.1450868233614047E-4 	 8.193686548936299E-4 	 2.1450868233614047E-4 	 8.193686548936299E-4 	 0.0015681080345382413 	 0.005084305278402575 	 0.0015681080345382413 	 0.005084305278402575 	 
-1.056 	 2.1888980598209402E-4 	 8.162746304516134E-4 	 2.1888980598209402E-4 	 8.162746304516134E-4 	 0.0015300666866614335 	 0.004203278635261232 	 0.0015300666866614335 	 0.004203278635261232 	 
-1.032 	 2.39360713563182E-4 	 8.372857406277612E-4 	 2.39360713563182E-4 	 8.372857406277612E-4 	 0.0015327024403980814 	 0.003586605833935149 	 0.0015327024403980814 	 0.003586605833935149 	 
-1.008 	 2.1365787673604777E-4 	 8.146118061320859E-4 	 2.1365787673604777E-4 	 8.146118061320859E-4 	 0.001492482305364928 	 0.003158948808275356 	 0.001492482305364928 	 0.003158948808275356 	 
-0.984 	 1.8919733400789087E-4 	 7.991198155461582E-4 	 1.8919733400789087E-4 	 7.991198155461582E-4 	 0.0014624175020216464 	 0.002686363494113124 	 0.0014624175020216464 	 0.002686363494113124 	 
-0.96 	 2.0647233579990467E-4 	 8.222180784191714E-4 	 2.0647233579990467E-4 	 8.222180784191714E-4 	 0.0014809432372332404 	 0.002478018628678864 	 0.0014809432372332404 	 0.002478018628678864 	 
-0.9359999999999999 	 1.954309798564707E-4 	 8.206113799890911E-4 	 1.954309798564707E-4 	 8.206113799890911E-4 	 0.00147639873987199 	 0.00236480585848097 	 0.00147639873987199 	 0.00236480585848097 	 
-0.9119999999999999 	 1.6079925410221054E-4 	 7.998633987811801E-4 	 1.6079925410221054E-4 	 7.998633987811801E-4 	 0.0014509296795983655 	 0.0022116033964601494 	 0.0014509296795983655 	 0.0022116033964601494 	 
-0.8879999999999999 	 1.610429732822019E-4 	 8.13408056480782E-4 	 1.610429732822019E-4 	 8.13408056480782E-4 	 0.001459949317979956 	 0.001843788421454856 	 0.001459949317979956 	 0.001843788421454856 	 
-0.8639999999999999 	 1.9070789247133474E-4 	 8.458135345685502E-4 	 1.9070789247133474E-4 	 8.458135345685502E-4 	 0.0014890607610966275 	 0.0017762123203092525 	 0.0014890607610966275 	 0.0017762123203092525 	 
-0.8399999999999999 	 2.039573453993282E-4 	 8.56477734147895E-4 	 2.039573453993282E-4 	 8.56477734147895E-4 	 0.0014899002737160938 	 0.001688031089817048 	 0.0014899002737160938 	 0.001688031089817048 	 
-0.8159999999999998 	 1.7806522307391764E-4 	 8.554863072410414E-4 	 1.7806522307391764E-4 	 8.554863072410414E-4 	 0.0014950737664398471 	 0.0014944071337362164 	 0.0014950737664398471 	 0.0014944071337362164 	 
-0.7919999999999998 	 1.86828002333005E-4 	 8.773538675423162E-4 	 1.86828002333005E-4 	 8.773538675423162E-4 	 0.0015188335500682217 	 0.0014002521643764608 	 0.0015188335500682217 	 0.0014002521643764608 	 
-0.7679999999999998 	 1.8120778092208342E-4 	 8.861027299776607E-4 	 1.8120778092208342E-4 	 8.861027299776607E-4 	 0.001529144056814719 	 0.0013588116953269149 	 0.001529144056814719 	 0.0013588116953269149 	 
-0.7439999999999998 	 1.9575843241044925E-4 	 9.058991944219206E-4 	 1.9575843241044925E-4 	 9.058991944219206E-4 	 0.0015454723699689615 	 0.0012742757828481386 	 0.0015454723699689615 	 0.0012742757828481386 	 
-0.7199999999999998 	 1.9863048303421884E-4 	 9.307501405142887E-4 	 1.9863048303421884E-4 	 9.307501405142887E-4 	 0.0015786492538362124 	 0.0012587300006887147 	 0.0015786492538362124 	 0.0012587300006887147 	 
-0.6959999999999997 	 2.213028377888928E-4 	 9.725529350232357E-4 	 2.213028377888928E-4 	 9.725529350232357E-4 	 0.0016277040580472692 	 0.0011588431361704487 	 0.0016277040580472692 	 0.0011588431361704487 	 
-0.6720000000000002 	 2.092241485356458E-4 	 9.802531037128308E-4 	 2.092241485356458E-4 	 9.802531037128308E-4 	 0.001637975703220078 	 0.0010626536865971207 	 0.001637975703220078 	 0.0010626536865971207 	 
-0.6480000000000001 	 2.2637498758774923E-4 	 0.001013138274533792 	 2.2637498758774923E-4 	 0.001013138274533792 	 0.0016753428171914207 	 0.0010318373380093697 	 0.0016753428171914207 	 0.0010318373380093697 	 
-0.6240000000000001 	 2.2613060485261323E-4 	 0.0010351043459719182 	 2.2613060485261323E-4 	 0.0010351043459719182 	 0.0017039363288461201 	 9.97679952784072E-4 	 0.0017039363288461201 	 9.97679952784072E-4 	 
-0.6000000000000001 	 2.3446814322320312E-4 	 0.0010721871541114396 	 2.3446814322320312E-4 	 0.0010721871541114396 	 0.0017539659194856102 	 9.672794358947714E-4 	 0.0017539659194856102 	 9.672794358947714E-4 	 
-0.5760000000000001 	 2.4029014048624703E-4 	 0.0011004673271672373 	 2.4029014048624703E-4 	 0.0011004673271672373 	 0.0017872782390080573 	 8.890041877533017E-4 	 0.0017872782390080573 	 8.890041877533017E-4 	 
-0.552 	 2.3323131167616128E-4 	 0.0011171628752403265 	 2.3323131167616128E-4 	 0.0011171628752403265 	 0.0018109532159187544 	 9.340504994376865E-4 	 0.0018109532159187544 	 9.340504994376865E-4 	 
-0.528 	 2.683360919813804E-4 	 0.0011790515478985123 	 2.683360919813804E-4 	 0.0011790515478985123 	 0.0018852321089321733 	 9.096159423295535E-4 	 0.0018852321089321733 	 9.096159423295535E-4 	 
-0.504 	 2.7321912223578784E-4 	 0.001202451807757273 	 2.7321912223578784E-4 	 0.001202451807757273 	 0.0019095579259318968 	 8.104182052661766E-4 	 0.0019095579259318968 	 8.104182052661766E-4 	 
-0.48 	 2.74498593835856E-4 	 0.0012231697701047739 	 2.74498593835856E-4 	 0.0012231697701047739 	 0.0019328564894404755 	 7.683378491358064E-4 	 0.0019328564894404755 	 7.683378491358064E-4 	 
-0.45599999999999996 	 2.893294140506499E-4 	 0.0012655093452061733 	 2.893294140506499E-4 	 0.0012655093452061733 	 0.0019843220079734823 	 7.789098155634387E-4 	 0.0019843220079734823 	 7.789098155634387E-4 	 
-0.43199999999999994 	 2.8738095823380985E-4 	 0.0012957238264464696 	 2.8738095823380985E-4 	 0.0012957238264464696 	 0.002025162494045944 	 7.704677269380584E-4 	 0.002025162494045944 	 7.704677269380584E-4 	 
-0.4079999999999999 	 3.0358240947600025E-4 	 0.0013334485275084487 	 3.0358240947600025E-4 	 0.0013334485275084487 	 0.0020651832368079005 	 7.399091966596066E-4 	 0.0020651832368079005 	 7.399091966596066E-4 	 
-0.3839999999999999 	 3.0524628520486137E-4 	 0.0013491908122461478 	 3.0524628520486137E-4 	 0.0013491908122461478 	 0.0020768744910983337 	 7.019543212624876E-4 	 0.0020768744910983337 	 7.019543212624876E-4 	 
-0.3599999999999999 	 3.217513180163497E-4 	 0.001402566320281939 	 3.217513180163497E-4 	 0.001402566320281939 	 0.002143362501162535 	 7.085396144191191E-4 	 0.002143362501162535 	 7.085396144191191E-4 	 
-0.33599999999999985 	 3.490405836403934E-4 	 0.0014646773204945746 	 3.490405836403934E-4 	 0.0014646773204945746 	 0.0022137846576396835 	 6.516753941518509E-4 	 0.0022137846576396835 	 6.516753941518509E-4 	 
-0.31199999999999983 	 3.600680382180114E-4 	 0.0014955597742405875 	 3.600680382180114E-4 	 0.0014955597742405875 	 0.002242493506705725 	 5.860590124135008E-4 	 0.002242493506705725 	 5.860590124135008E-4 	 
-0.2879999999999998 	 3.871039623390442E-4 	 0.0015523645725084257 	 3.871039623390442E-4 	 0.0015523645725084257 	 0.002306585887801014 	 5.981923914972014E-4 	 0.002306585887801014 	 5.981923914972014E-4 	 
-0.2639999999999998 	 3.6674281818360315E-4 	 0.001576046428275614 	 3.6674281818360315E-4 	 0.001576046428275614 	 0.002339348131638938 	 5.702186969456573E-4 	 0.002339348131638938 	 5.702186969456573E-4 	 
-0.23999999999999977 	 3.848570606967198E-4 	 0.0016395556983698379 	 3.848570606967198E-4 	 0.0016395556983698379 	 0.002414954281588781 	 5.466541549017019E-4 	 0.002414954281588781 	 5.466541549017019E-4 	 
-0.21599999999999975 	 4.2678928852321894E-4 	 0.001711982580421578 	 4.2678928852321894E-4 	 0.001711982580421578 	 0.0024924384194174756 	 5.533897592767112E-4 	 0.0024924384194174756 	 5.533897592767112E-4 	 
-0.19199999999999973 	 4.4673050841724277E-4 	 0.0017691655859784557 	 4.4673050841724277E-4 	 0.0017691655859784557 	 0.0025547193092589795 	 5.311690430692984E-4 	 0.0025547193092589795 	 5.311690430692984E-4 	 
-0.16800000000000015 	 4.7490606864338463E-4 	 0.0018493449941516505 	 4.7490606864338463E-4 	 0.0018493449941516505 	 0.0026481694769771567 	 4.918259173281239E-4 	 0.0026481694769771567 	 4.918259173281239E-4 	 
-0.14400000000000013 	 4.8569807445739507E-4 	 0.0019057495467259423 	 4.8569807445739507E-4 	 0.0019057495467259423 	 0.0027127469410165696 	 4.968588517061411E-4 	 0.0027127469410165696 	 4.968588517061411E-4 	 
-0.1200000000000001 	 5.077554460985632E-4 	 0.001965887428362797 	 5.077554460985632E-4 	 0.001965887428362797 	 0.0027775443578535483 	 5.034507698815553E-4 	 0.0027775443578535483 	 5.034507698815553E-4 	 
-0.09600000000000009 	 5.351364367108504E-4 	 0.0020455733063410764 	 5.351364367108504E-4 	 0.0020455733063410764 	 0.0028655342300517137 	 4.8472411378456816E-4 	 0.0028655342300517137 	 4.8472411378456816E-4 	 
-0.07200000000000006 	 5.959256742190666E-4 	 0.0021490346243149615 	 5.959256742190666E-4 	 0.0021490346243149615 	 0.0029749194484939775 	 4.770902732980359E-4 	 0.0029749194484939775 	 4.770902732980359E-4 	 
-0.04800000000000004 	 5.991411835229163E-4 	 0.0022049340622360965 	 5.991411835229163E-4 	 0.0022049340622360965 	 0.00303792303533805 	 4.8494215081493463E-4 	 0.00303792303533805 	 4.8494215081493463E-4 	 
-0.02400000000000002 	 6.302507753707814E-4 	 0.0022784031597715432 	 6.302507753707814E-4 	 0.0022784031597715432 	 0.00310916404496891 	 4.4201741819404407E-4 	 0.00310916404496891 	 4.4201741819404407E-4 	 
0.0 	 6.793715373253556E-4 	 0.002397033102228177 	 6.793715373253556E-4 	 0.002397033102228177 	 0.0032412452066135486 	 4.2493394746123464E-4 	 0.0032412452066135486 	 4.2493394746123464E-4 	 
0.02400000000000002 	 6.94296165410421E-4 	 0.0024784937325531223 	 6.94296165410421E-4 	 0.0024784937325531223 	 0.003330007620767684 	 4.0236323516146683E-4 	 0.003330007620767684 	 4.0236323516146683E-4 	 
0.04800000000000004 	 7.361483836460919E-4 	 0.002569806016905496 	 7.361483836460919E-4 	 0.002569806016905496 	 0.0034183431156320563 	 4.075047656097722E-4 	 0.0034183431156320563 	 4.075047656097722E-4 	 
0.07200000000000006 	 7.989101616817332E-4 	 0.0027074350218792504 	 7.989101616817332E-4 	 0.0027074350218792504 	 0.0035645385084511145 	 3.9352636114618544E-4 	 0.0035645385084511145 	 3.9352636114618544E-4 	 
0.09600000000000009 	 8.495416956207072E-4 	 0.002848315327195974 	 8.495416956207072E-4 	 0.002848315327195974 	 0.003715641602315439 	 3.873116923370406E-4 	 0.003715641602315439 	 3.873116923370406E-4 	 
0.1200000000000001 	 9.243130246908297E-4 	 0.003010801449232033 	 9.243130246908297E-4 	 0.003010801449232033 	 0.0038849189828365194 	 3.710279370216429E-4 	 0.0038849189828365194 	 3.710279370216429E-4 	 
0.14400000000000013 	 9.956898325789265E-4 	 0.0031556443575139702 	 9.956898325789265E-4 	 0.0031556443575139702 	 0.004029402424232985 	 3.7277018681725895E-4 	 0.004029402424232985 	 3.7277018681725895E-4 	 
0.16800000000000015 	 0.0011005032340631394 	 0.003377946109654782 	 0.0011005032340631394 	 0.003377946109654782 	 0.004263597007139769 	 3.607360656105884E-4 	 0.004263597007139769 	 3.607360656105884E-4 	 
0.19200000000000017 	 0.0011798997012664716 	 0.0035711898790112212 	 0.0011798997012664716 	 0.0035711898790112212 	 0.004468592404574223 	 3.689231464057573E-4 	 0.004468592404574223 	 3.689231464057573E-4 	 
0.2160000000000002 	 0.0012703987171089077 	 0.003752946987552412 	 0.0012703987171089077 	 0.003752946987552412 	 0.004645194074263251 	 3.5211418956751896E-4 	 0.004645194074263251 	 3.5211418956751896E-4 	 
0.2400000000000002 	 0.0014464401946177685 	 0.004067523970011961 	 0.0014464401946177685 	 0.004067523970011961 	 0.004970536180987357 	 3.550012480919499E-4 	 0.004970536180987357 	 3.550012480919499E-4 	 
0.26400000000000023 	 0.0015550362216376747 	 0.004298250364911945 	 0.0015550362216376747 	 0.004298250364911945 	 0.00520199430714082 	 3.8060600170622074E-4 	 0.00520199430714082 	 3.8060600170622074E-4 	 
0.28800000000000026 	 0.0017572345562694932 	 0.004634147620054194 	 0.0017572345562694932 	 0.004634147620054194 	 0.00553495919485336 	 3.536440374418095E-4 	 0.00553495919485336 	 3.536440374418095E-4 	 
0.3120000000000003 	 0.001964818079674999 	 0.004959784581991565 	 0.001964818079674999 	 0.004959784581991565 	 0.005848187171789099 	 3.5075818457655186E-4 	 0.005848187171789099 	 3.5075818457655186E-4 	 
0.33599999999999985 	 0.002237482424056966 	 0.005347737620718491 	 0.002237482424056966 	 0.005347737620718491 	 0.0062156219520733535 	 3.798886533808866E-4 	 0.0062156219520733535 	 3.798886533808866E-4 	 
0.3599999999999999 	 0.002709277345918736 	 0.005955675710289662 	 0.002709277345918736 	 0.005955675710289662 	 0.006798897141784313 	 3.72595898282871E-4 	 0.006798897141784313 	 3.72595898282871E-4 	 
0.3839999999999999 	 0.0031143374515610446 	 0.006467070360760837 	 0.0031143374515610446 	 0.006467070360760837 	 0.007264926264178452 	 3.628780040627894E-4 	 0.007264926264178452 	 3.628780040627894E-4 	 
0.4079999999999999 	 0.0037959227039236973 	 0.007245546130424311 	 0.0037959227039236973 	 0.007245546130424311 	 0.007985085024547573 	 3.8343999877358224E-4 	 0.007985085024547573 	 3.8343999877358224E-4 	 
0.43199999999999994 	 0.00461988420705543 	 0.008125031327698692 	 0.00461988420705543 	 0.008125031327698692 	 0.008777139394829398 	 3.9468820265171943E-4 	 0.008777139394829398 	 3.9468820265171943E-4 	 
0.45599999999999996 	 0.005742227356858702 	 0.00922228700782873 	 0.005742227356858702 	 0.00922228700782873 	 0.009744113471245179 	 4.0017972081625626E-4 	 0.009744113471245179 	 4.0017972081625626E-4 	 
0.48 	 0.007285045496763542 	 0.010733560713421337 	 0.007285045496763542 	 0.010733560713421337 	 0.011099021506466415 	 4.285678928817767E-4 	 0.011099021506466415 	 4.285678928817767E-4 	 
0.504 	 0.009230429362609684 	 0.01248102737287746 	 0.009230429362609684 	 0.01248102737287746 	 0.012614180267908195 	 4.566041792241377E-4 	 0.012614180267908195 	 4.566041792241377E-4 	 
0.528 	 0.011655139527097572 	 0.014630297805480186 	 0.011655139527097572 	 0.014630297805480186 	 0.01448740989493611 	 4.989507662371481E-4 	 0.01448740989493611 	 4.989507662371481E-4 	 
0.552 	 0.01498365636714774 	 0.017434323806938573 	 0.01498365636714774 	 0.017434323806938573 	 0.01689955036178574 	 5.523809568000489E-4 	 0.01689955036178574 	 5.523809568000489E-4 	 
0.5760000000000001 	 0.018833557169690048 	 0.020580539254802105 	 0.018833557169690048 	 0.020580539254802105 	 0.019580798800870533 	 6.135501535071916E-4 	 0.019580798800870533 	 6.135501535071916E-4 	 
0.6000000000000001 	 0.02343424625653709 	 0.024272104880433246 	 0.02343424625653709 	 0.024272104880433246 	 0.02272814344479921 	 6.993312556940896E-4 	 0.02272814344479921 	 6.993312556940896E-4 	 
0.6240000000000001 	 0.028594222685353388 	 0.028228996433170842 	 0.028594222685353388 	 0.028228996433170842 	 0.0260445819420794 	 7.685308537021743E-4 	 0.0260445819420794 	 7.685308537021743E-4 	 
0.6480000000000001 	 0.033542942960847116 	 0.0320157994565252 	 0.033542942960847116 	 0.0320157994565252 	 0.02922263915200284 	 8.464549314660152E-4 	 0.02922263915200284 	 8.464549314660152E-4 	 
0.6720000000000002 	 0.0383083382014718 	 0.03558739133523733 	 0.0383083382014718 	 0.03558739133523733 	 0.032195641725689145 	 9.159818169332532E-4 	 0.032195641725689145 	 9.159818169332532E-4 	 
0.6960000000000002 	 0.04281699011822074 	 0.038829146184375975 	 0.04281699011822074 	 0.038829146184375975 	 0.03485215583269825 	 9.803061504635342E-4 	 0.03485215583269825 	 9.803061504635342E-4 	 
0.7200000000000002 	 0.047054039411777104 	 0.04179572284904397 	 0.047054039411777104 	 0.04179572284904397 	 0.037264728668361925 	 0.0010387639967250448 	 0.037264728668361925 	 0.0010387639967250448 	 
0.7440000000000002 	 0.05114631826952068 	 0.04451108455724234 	 0.05114631826952068 	 0.04451108455724234 	 0.03943133390361431 	 0.0010929293802125748 	 0.03943133390361431 	 0.0010929293802125748 	 
0.7680000000000002 	 0.05301700289020709 	 0.04550739048984884 	 0.05301700289020709 	 0.04550739048984884 	 0.0401362692238172 	 0.0011185479410685717 	 0.0401362692238172 	 0.0011185479410685717 	 
0.7920000000000003 	 0.053359003815284065 	 0.045323014228516575 	 0.053359003815284065 	 0.045323014228516575 	 0.03982983585251976 	 0.0010950224576433316 	 0.03982983585251976 	 0.0010950224576433316 	 
0.8160000000000003 	 0.05349790515343089 	 0.044950881125927974 	 0.05349790515343089 	 0.044950881125927974 	 0.039369395547873644 	 0.0010803132164709246 	 0.039369395547873644 	 0.0010803132164709246 	 
0.8399999999999999 	 0.05235689511360026 	 0.043542684035642626 	 0.05235689511360026 	 0.043542684035642626 	 0.03801490020518588 	 0.0010416780740332722 	 0.03801490020518588 	 0.0010416780740332722 	 
0.8639999999999999 	 0.05009140061593997 	 0.04130253940109975 	 0.05009140061593997 	 0.04130253940109975 	 0.035962223524256556 	 9.841300991937972E-4 	 0.035962223524256556 	 9.841300991937972E-4 	 
0.8879999999999999 	 0.04631189264757795 	 0.0379890248092972 	 0.04631189264757795 	 0.0379890248092972 	 0.033025552354677995 	 9.038529207864466E-4 	 0.033025552354677995 	 9.038529207864466E-4 	 
0.9119999999999999 	 0.042253232478718795 	 0.03447027485380762 	 0.042253232478718795 	 0.03447027485380762 	 0.029914374705878818 	 8.184299755816236E-4 	 0.029914374705878818 	 8.184299755816236E-4 	 
0.9359999999999999 	 0.03827116927054018 	 0.03104758363360473 	 0.03827116927054018 	 0.03104758363360473 	 0.026903087524062484 	 7.373302615977753E-4 	 0.026903087524062484 	 7.373302615977753E-4 	 
0.96 	 0.032981950477457556 	 0.026730354505582664 	 0.032981950477457556 	 0.026730354505582664 	 0.023153122707918125 	 6.338765681314392E-4 	 0.023153122707918125 	 6.338765681314392E-4 	 
0.984 	 0.02928719057528458 	 0.023599122709505663 	 0.02928719057528458 	 0.023599122709505663 	 0.020409143753706394 	 5.604497234166229E-4 	 0.020409143753706394 	 5.604497234166229E-4 	 
1.008 	 0.024670744782797075 	 0.019871134452112492 	 0.024670744782797075 	 0.019871134452112492 	 0.017186477243212688 	 4.728073144059491E-4 	 0.017186477243212688 	 4.728073144059491E-4 	 
1.032 	 0.02026389533910008 	 0.01637544056363778 	 0.02026389533910008 	 0.01637544056363778 	 0.014174294079329556 	 3.890765194617387E-4 	 0.014174294079329556 	 3.890765194617387E-4 	 
1.056 	 0.01747485533857036 	 0.014072800702324771 	 0.01747485533857036 	 0.014072800702324771 	 0.012171479048202176 	 3.3490909806850925E-4 	 0.012171479048202176 	 3.3490909806850925E-4 	 
1.08 	 0.014197972138925319 	 0.01149685271705688 	 0.014197972138925319 	 0.01149685271705688 	 0.009959671445611142 	 2.737169907726846E-4 	 0.009959671445611142 	 2.737169907726846E-4 	 
1.104 	 0.012232048338294027 	 0.009894656562675562 	 0.012232048338294027 	 0.009894656562675562 	 0.008569643882023211 	 2.3599548633029582E-4 	 0.008569643882023211 	 2.3599548633029582E-4 	 
1.1280000000000001 	 0.010157504614686227 	 0.008229748384818152 	 0.010157504614686227 	 0.008229748384818152 	 0.007130212564146926 	 1.9574974298767524E-4 	 0.007130212564146926 	 1.9574974298767524E-4 	 
1.1520000000000001 	 0.008608507322692097 	 0.0070025531204901586 	 0.008608507322692097 	 0.0070025531204901586 	 0.006074234273367207 	 1.7693709962121867E-4 	 0.006074234273367207 	 1.7693709962121867E-4 	 
1.1760000000000002 	 0.007600643816703936 	 0.006152388513447826 	 0.007600643816703936 	 0.006152388513447826 	 0.005329843882012826 	 1.4756119900087802E-4 	 0.005329843882012826 	 1.4756119900087802E-4 	 
1.2000000000000002 	 0.006433669603785894 	 0.005207030272558191 	 0.006433669603785894 	 0.005207030272558191 	 0.004509536278688737 	 1.2403861907866532E-4 	 0.004509536278688737 	 1.2403861907866532E-4 	 
1.2240000000000002 	 0.00567001545992181 	 0.004569926793717224 	 0.00567001545992181 	 0.004569926793717224 	 0.003954829116543179 	 1.0923516217381007E-4 	 0.003954829116543179 	 1.0923516217381007E-4 	 
1.2480000000000002 	 0.004441367428623283 	 0.0036197895516918628 	 0.004441367428623283 	 0.0036197895516918628 	 0.003141794794697617 	 8.624309773581462E-5 	 0.003141794794697617 	 8.624309773581462E-5 	 
1.2720000000000002 	 0.004107711136064611 	 0.0033160004757948227 	 0.004107711136064611 	 0.0033160004757948227 	 0.002871440256197541 	 7.930502955260491E-5 	 0.002871440256197541 	 7.930502955260491E-5 	 
1.2960000000000003 	 0.0033107679790817224 	 0.002685541296615779 	 0.0033107679790817224 	 0.002685541296615779 	 0.0023286727208329545 	 6.417669301897187E-5 	 0.0023286727208329545 	 6.417669301897187E-5 	 
1.3200000000000003 	 0.002798100672996085 	 0.0022766899835502657 	 0.002798100672996085 	 0.0022766899835502657 	 0.001975541064119742 	 5.423306777937518E-5 	 0.001975541064119742 	 5.423306777937518E-5 	 
1.3440000000000003 	 0.00260661724713047 	 0.0020926143506075573 	 0.00260661724713047 	 0.0020926143506075573 	 0.001810647798430976 	 5.036052854890724E-5 	 0.001810647798430976 	 5.036052854890724E-5 	 
1.3680000000000003 	 0.0018339647233641026 	 0.0015054320407644893 	 0.0018339647233641026 	 0.0015054320407644893 	 0.0013102862175455574 	 3.612974177916786E-5 	 0.0013102862175455574 	 3.612974177916786E-5 	 
1.3920000000000003 	 0.001648081048620807 	 0.001353022864418429 	 0.001648081048620807 	 0.001353022864418429 	 0.0011780108941862493 	 3.2529403324261026E-5 	 0.0011780108941862493 	 3.2529403324261026E-5 	 
1.4160000000000004 	 0.0014150061209485785 	 0.001162774361615414 	 0.0014150061209485785 	 0.001162774361615414 	 0.0010127767527097823 	 2.80125585266528E-5 	 0.0010127767527097823 	 2.80125585266528E-5 	 
1.4400000000000004 	 0.001174349607516999 	 9.750759557421115E-4 	 0.001174349607516999 	 9.750759557421115E-4 	 8.512420460819711E-4 	 2.3393594130339925E-5 	 8.512420460819711E-4 	 2.3393594130339925E-5 	 
1.4640000000000004 	 0.0010824052325880897 	 8.993359085605046E-4 	 0.0010824052325880897 	 8.993359085605046E-4 	 7.855350929143921E-4 	 2.1660162113137963E-5 	 7.855350929143921E-4 	 2.1660162113137963E-5 	 
1.4880000000000004 	 9.704677458286519E-4 	 8.07260194519136E-4 	 9.704677458286519E-4 	 8.07260194519136E-4 	 7.047263402657721E-4 	 1.924388132800691E-5 	 7.047263402657721E-4 	 1.924388132800691E-5 	 
1.5120000000000005 	 9.79618512747213E-4 	 7.969450054621537E-4 	 9.79618512747213E-4 	 7.969450054621537E-4 	 6.914965253617009E-4 	 1.9024970646999157E-5 	 6.914965253617009E-4 	 1.9024970646999157E-5 	 
1.5360000000000005 	 8.046183965324143E-4 	 6.626975287759489E-4 	 8.046183965324143E-4 	 6.626975287759489E-4 	 5.770397408841315E-4 	 1.5838409828225545E-5 	 5.770397408841315E-4 	 1.5838409828225545E-5 	 
1.5600000000000005 	 7.643263437798391E-4 	 6.239438516200555E-4 	 7.643263437798391E-4 	 6.239438516200555E-4 	 5.418842762186605E-4 	 1.487282944915313E-5 	 5.418842762186605E-4 	 1.487282944915313E-5 	 
1.5840000000000005 	 6.604722834471146E-4 	 5.363693993057104E-4 	 6.604722834471146E-4 	 5.363693993057104E-4 	 4.6518427934508536E-4 	 1.2801233871859599E-5 	 4.6518427934508536E-4 	 1.2801233871859599E-5 	 
1.6080000000000005 	 5.316742182126081E-4 	 4.37477385618255E-4 	 5.316742182126081E-4 	 4.37477385618255E-4 	 3.80590356959186E-4 	 1.038578791952958E-5 	 3.80590356959186E-4 	 1.038578791952958E-5 	 
1.6319999999999997 	 5.165290345084878E-4 	 4.193759522505769E-4 	 5.165290345084878E-4 	 4.193759522505769E-4 	 3.6361771130384937E-4 	 9.99818237944841E-6 	 3.6361771130384937E-4 	 9.99818237944841E-6 	 
1.6559999999999997 	 4.468858355183118E-4 	 3.6289505924362234E-4 	 4.468858355183118E-4 	 3.6289505924362234E-4 	 3.146249186481535E-4 	 8.629010277074198E-6 	 3.146249186481535E-4 	 8.629010277074198E-6 	 
1.6799999999999997 	 3.6358350806380463E-4 	 2.976502714364795E-4 	 3.6358350806380463E-4 	 2.976502714364795E-4 	 2.586233610056402E-4 	 7.085317438690339E-6 	 2.586233610056402E-4 	 7.085317438690339E-6 	 
1.7039999999999997 	 3.022443198665243E-4 	 2.4973051457980675E-4 	 3.022443198665243E-4 	 2.4973051457980675E-4 	 2.173922197511942E-4 	 5.90187938828303E-6 	 2.173922197511942E-4 	 5.90187938828303E-6 	 
1.7279999999999998 	 3.544232016617611E-4 	 2.812933620462102E-4 	 3.544232016617611E-4 	 2.812933620462102E-4 	 2.4222951174238322E-4 	 6.6657132667888E-6 	 2.4222951174238322E-4 	 6.6657132667888E-6 	 
1.7519999999999998 	 2.562250218088422E-4 	 2.0592707806770842E-4 	 2.562250218088422E-4 	 2.0592707806770842E-4 	 1.7806425902683505E-4 	 4.912241460988005E-6 	 1.7806425902683505E-4 	 4.912241460988005E-6 	 
1.7759999999999998 	 1.806513411347172E-4 	 1.4831935070642592E-4 	 1.806513411347172E-4 	 1.4831935070642592E-4 	 1.2880153585404733E-4 	 3.4769970193152464E-6 	 1.2880153585404733E-4 	 3.4769970193152464E-6 	 
1.7999999999999998 	 2.0489040370711838E-4 	 1.6305957153501342E-4 	 2.0489040370711838E-4 	 1.6305957153501342E-4 	 1.4064736111710726E-4 	 3.901131550365775E-6 	 1.4064736111710726E-4 	 3.901131550365775E-6 	 
1.8239999999999998 	 1.4836265252488116E-4 	 1.2019034093865484E-4 	 1.4836265252488116E-4 	 1.2019034093865484E-4 	 1.0417314474265786E-4 	 2.865259300164679E-6 	 1.0417314474265786E-4 	 2.865259300164679E-6 	 
1.8479999999999999 	 1.2372568071921845E-4 	 1.003818562726954E-4 	 1.2372568071921845E-4 	 1.003818562726954E-4 	 8.700289427132028E-5 	 2.3854812986055964E-6 	 8.700289427132028E-5 	 2.3854812986055964E-6 	 
1.8719999999999999 	 9.641951686453758E-5 	 7.950853871454866E-5 	 9.641951686453758E-5 	 7.950853871454866E-5 	 6.929465061095997E-5 	 1.9104937622333785E-6 	 6.929465061095997E-5 	 1.9104937622333785E-6 	 
1.896 	 9.430178161789748E-5 	 7.602829739203466E-5 	 9.430178161789748E-5 	 7.602829739203466E-5 	 6.572995742627851E-5 	 1.7864631002760802E-6 	 6.572995742627851E-5 	 1.7864631002760802E-6 	 
1.92 	 1.0167415421769946E-4 	 7.911168407485623E-5 	 1.0167415421769946E-4 	 7.911168407485623E-5 	 6.784268158968265E-5 	 1.899820916666782E-6 	 6.784268158968265E-5 	 1.899820916666782E-6 	 
1.944 	 4.775463570389141E-5 	 3.9200013726568484E-5 	 4.775463570389141E-5 	 3.9200013726568484E-5 	 3.4206451613997125E-5 	 9.645219755090581E-7 	 3.4206451613997125E-5 	 9.645219755090581E-7 	 
1.968 	 3.061680939080363E-5 	 2.6951614061886327E-5 	 3.061680939080363E-5 	 2.6951614061886327E-5 	 2.387558828854638E-5 	 6.438799817801362E-7 	 2.387558828854638E-5 	 6.438799817801362E-7 	 
1.992 	 3.6557725438369073E-5 	 3.151539847678305E-5 	 3.6557725438369073E-5 	 3.151539847678305E-5 	 2.7844951989538015E-5 	 7.724297474010649E-7 	 2.7844951989538015E-5 	 7.724297474010649E-7 	 
2.016 	 3.2530338042502785E-5 	 2.8381649035544074E-5 	 3.2530338042502785E-5 	 2.8381649035544074E-5 	 2.50313100075523E-5 	 6.635246142352024E-7 	 2.50313100075523E-5 	 6.635246142352024E-7 	 
2.04 	 4.381877818339983E-5 	 3.56336011088399E-5 	 4.381877818339983E-5 	 3.56336011088399E-5 	 3.084117614805426E-5 	 8.308277587927955E-7 	 3.084117614805426E-5 	 8.308277587927955E-7 	 
2.064 	 4.3846041108989436E-5 	 3.5520223772381754E-5 	 4.3846041108989436E-5 	 3.5520223772381754E-5 	 3.076831240843226E-5 	 8.38422967546576E-7 	 3.076831240843226E-5 	 8.38422967546576E-7 	 
2.088 	 5.049994636657568E-5 	 3.88655132015107E-5 	 5.049994636657568E-5 	 3.88655132015107E-5 	 3.318669464017519E-5 	 9.241993886575974E-7 	 3.318669464017519E-5 	 9.241993886575974E-7 	 
2.112 	 2.3660395217154956E-5 	 1.905730146730831E-5 	 2.3660395217154956E-5 	 1.905730146730831E-5 	 1.6528684050593887E-5 	 4.622517511993753E-7 	 1.6528684050593887E-5 	 4.622517511993753E-7 	 
2.136 	 1.684009066575524E-5 	 1.3748810159084831E-5 	 1.684009066575524E-5 	 1.3748810159084831E-5 	 1.193996480626158E-5 	 3.2646753867126885E-7 	 1.193996480626158E-5 	 3.2646753867126885E-7 	 
2.16 	 1.524206179472884E-5 	 1.213789776342674E-5 	 1.524206179472884E-5 	 1.213789776342674E-5 	 1.0470169474946604E-5 	 2.8975053758219735E-7 	 1.0470169474946604E-5 	 2.8975053758219735E-7 	 
2.184 	 9.318311549357838E-6 	 8.241117259722136E-6 	 9.318311549357838E-6 	 8.241117259722136E-6 	 7.343897749975854E-6 	 2.0451023908320192E-7 	 7.343897749975854E-6 	 2.0451023908320192E-7 	 
2.208 	 8.779714454720378E-6 	 7.769572426133793E-6 	 8.779714454720378E-6 	 7.769572426133793E-6 	 6.918560262824701E-6 	 1.9265235758957672E-7 	 6.918560262824701E-6 	 1.9265235758957672E-7 	 
2.232 	 4.090194207234004E-6 	 4.182276851058493E-6 	 4.090194207234004E-6 	 4.182276851058493E-6 	 3.7993047713939273E-6 	 9.094793902486038E-8 	 3.7993047713939273E-6 	 9.094793902486038E-8 	 
2.2560000000000002 	 1.5928187699659327E-5 	 1.2943431592511578E-5 	 1.5928187699659327E-5 	 1.2943431592511578E-5 	 1.1227768469478565E-5 	 3.0907960524506787E-7 	 1.1227768469478565E-5 	 3.0907960524506787E-7 	 
2.2800000000000002 	 9.677309080710443E-6 	 8.284630646140699E-6 	 9.677309080710443E-6 	 8.284630646140699E-6 	 7.272599513973517E-6 	 1.9446984279021957E-7 	 7.272599513973517E-6 	 1.9446984279021957E-7 	 
2.3040000000000003 	 9.767007153567457E-6 	 7.90485350822969E-6 	 9.767007153567457E-6 	 7.90485350822969E-6 	 6.811260878460762E-6 	 1.7829926402519566E-7 	 6.811260878460762E-6 	 1.7829926402519566E-7 	 
2.3280000000000003 	 1.4777059669514644E-5 	 1.1432464823531358E-5 	 1.4777059669514644E-5 	 1.1432464823531358E-5 	 9.766631096643544E-6 	 2.6968710532314525E-7 	 9.766631096643544E-6 	 2.6968710532314525E-7 	 
2.3520000000000003 	 8.071377744002349E-6 	 6.410762760468503E-6 	 8.071377744002349E-6 	 6.410762760468503E-6 	 5.51271415358858E-6 	 1.4966348990816303E-7 	 5.51271415358858E-6 	 1.4966348990816303E-7 	 
2.3760000000000003 	 7.606630744266395E-6 	 6.1295337702547035E-6 	 7.606630744266395E-6 	 6.1295337702547035E-6 	 5.296504632950092E-6 	 1.454279105786355E-7 	 5.296504632950092E-6 	 1.454279105786355E-7 	 
2.4000000000000004 	 1.6381173467418684E-6 	 1.721835821216403E-6 	 1.6381173467418684E-6 	 1.721835821216403E-6 	 1.5678460505532307E-6 	 3.7168198379590254E-8 	 1.5678460505532307E-6 	 3.7168198379590254E-8 	 
2.4240000000000004 	 3.7987903188317154E-6 	 3.4455655373366205E-6 	 3.7987903188317154E-6 	 3.4455655373366205E-6 	 3.0312832427899286E-6 	 6.906287170502512E-8 	 3.0312832427899286E-6 	 6.906287170502512E-8 	 
2.4480000000000004 	 1.8688039098046017E-5 	 1.345808978781709E-5 	 1.8688039098046017E-5 	 1.345808978781709E-5 	 1.1260298199448657E-5 	 3.212639095609665E-7 	 1.1260298199448657E-5 	 3.212639095609665E-7 	 
2.4720000000000004 	 0.0 	 0.0 	 0.0 	 0.0 	 0.0 	 0.0 	 0.0 	 0.0 	 
2.4960000000000004 	 0.0 	 0.0 	 0.0 	 0.0 	 0.0 	 0.0 	 0.0 	 0.0 	 
2.5200000000000005 	 0.0 	 0.0 	 0.0 	 0.0 	 0.0 	 0.0 	 0.0 	 0.0 	 
2.5440000000000005 	 0.0 	 0.0 	 0.0 	 0.0 	 0.0 	 0.0 	 0.0 	 0.0 	 
2.5680000000000005 	 0.0 	 0.0 	 0.0 	 0.0 	 0.0 	 0.0 	 0.0 	 0.0 	 
2.5920000000000005 	 0.0 	 0.0 	 0.0 	 0.0 	 0.0 	 0.0 	 0.0 	 0.0 	 
2.6160000000000005 	 0.0 	 0.0 	 0.0 	 0.0 	 0.0 	 0.0 	 0.0 	 0.0 	 
2.6399999999999997 	 0.0 	 0.0 	 0.0 	 0.0 	 0.0 	 0.0 	 0.0 	 0.0 	 
2.6639999999999997 	 0.0 	 0.0 	 0.0 	 0.0 	 0.0 	 0.0 	 0.0 	 0.0 	 
2.6879999999999997 	 0.0 	 0.0 	 0.0 	 0.0 	 0.0 	 0.0 	 0.0 	 0.0 	 
2.7119999999999997 	 0.0 	 0.0 	 0.0 	 0.0 	 0.0 	 0.0 	 0.0 	 0.0 	 
2.7359999999999998 	 0.0 	 0.0 	 0.0 	 0.0 	 0.0 	 0.0 	 0.0 	 0.0 	 
2.76 	 0.0 	 0.0 	 0.0 	 0.0 	 0.0 	 0.0 	 0.0 	 0.0 	 
2.784 	 0.0 	 0.0 	 0.0 	 0.0 	 0.0 	 0.0 	 0.0 	 0.0 	 
2.808 	 0.0 	 0.0 	 0.0 	 0.0 	 0.0 	 0.0 	 0.0 	 0.0 	 
2.832 	 0.0 	 0.0 	 0.0 	 0.0 	 0.0 	 0.0 	 0.0 	 0.0 	 
2.856 	 0.0 	 0.0 	 0.0 	 0.0 	 0.0 	 0.0 	 0.0 	 0.0 	 
2.88 	 0.0 	 0.0 	 0.0 	 0.0 	 0.0 	 0.0 	 0.0 	 0.0 	 
2.904 	 0.0 	 0.0 	 0.0 	 0.0 	 0.0 	 0.0 	 0.0 	 0.0 	 
2.928 	 0.0 	 0.0 	 0.0 	 0.0 	 0.0 	 0.0 	 0.0 	 0.0 	 
2.952 	 0.0 	 0.0 	 0.0 	 0.0 	 0.0 	 0.0 	 0.0 	 0.0 	 
2.976 	 0.0 	 0.0 	 0.0 	 0.0 	 0.0 	 0.0 	 0.0 	 0.0 	 
