-3.0 	 2.201106120978533E-9 	 2.201106120978533E-9 	 2.201106120978533E-9 	 2.201106120978533E-9 	 1.379879444565241E-4 	 1.379879444565241E-4 	 1.379879444565241E-4 	 1.379879444565241E-4 	 
-2.976 	 0.0 	 0.0 	 0.0 	 0.0 	 1.5085581884838973E-4 	 1.5085581884838973E-4 	 1.5085581884838973E-4 	 1.5085581884838973E-4 	 
-2.952 	 1.1005464662489752E-8 	 1.1005464662489752E-8 	 1.1005464662489752E-8 	 1.1005464662489752E-8 	 1.2864728783436498E-4 	 1.2864728783436498E-4 	 1.2864728783436498E-4 	 1.2864728783436498E-4 	 
-2.928 	 2.4211925540343425E-8 	 2.4211925540343425E-8 	 2.4211925540343425E-8 	 2.4211925540343425E-8 	 2.4118352603648196E-4 	 2.4118352603648196E-4 	 2.4118352603648196E-4 	 2.4118352603648196E-4 	 
-2.904 	 9.975313366583826E-6 	 9.975313366583826E-6 	 9.975313366583826E-6 	 9.975313366583826E-6 	 1.843379792082841E-4 	 1.843379792082841E-4 	 1.843379792082841E-4 	 1.843379792082841E-4 	 
-2.88 	 9.95990577760361E-6 	 9.95990577760361E-6 	 9.95990577760361E-6 	 9.95990577760361E-6 	 1.8837483670685346E-4 	 1.8837483670685346E-4 	 1.8837483670685346E-4 	 1.8837483670685346E-4 	 
-2.856 	 2.201106120978533E-9 	 2.201106120978533E-9 	 2.201106120978533E-9 	 2.201106120978533E-9 	 1.8330892149328066E-4 	 1.8330892149328066E-4 	 1.8330892149328066E-4 	 1.8330892149328066E-4 	 
-2.832 	 0.0 	 0.0 	 0.0 	 0.0 	 1.9372368363676688E-4 	 1.9372368363676688E-4 	 1.9372368363676688E-4 	 1.9372368363676688E-4 	 
-2.808 	 2.201106120978533E-9 	 2.201106120978533E-9 	 2.201106120978533E-9 	 2.201106120978533E-9 	 1.9121268468041388E-4 	 1.9121268468041388E-4 	 1.9121268468041388E-4 	 1.9121268468041388E-4 	 
-2.784 	 1.1005442681103415E-8 	 1.1005442681103415E-8 	 1.1005442681103415E-8 	 1.1005442681103415E-8 	 2.9705313164985045E-4 	 2.9705313164985045E-4 	 2.9705313164985045E-4 	 2.9705313164985045E-4 	 
-2.76 	 1.5407588980218544E-8 	 1.5407588980218544E-8 	 1.5407588980218544E-8 	 1.5407588980218544E-8 	 3.952624533272497E-4 	 3.952624533272497E-4 	 3.952624533272497E-4 	 3.952624533272497E-4 	 
-2.7359999999999998 	 9.966508986061366E-6 	 9.966508986061366E-6 	 9.966508986061366E-6 	 9.966508986061366E-6 	 3.508975675616989E-4 	 3.508975675616989E-4 	 3.508975675616989E-4 	 3.508975675616989E-4 	 
-2.7119999999999997 	 2.4211925540343425E-8 	 2.4211925540343425E-8 	 2.4211925540343425E-8 	 2.4211925540343425E-8 	 2.8017494506006553E-4 	 2.8017494506006553E-4 	 2.8017494506006553E-4 	 2.8017494506006553E-4 	 
-2.688 	 9.977514494686192E-6 	 9.977514494686192E-6 	 9.977514494686192E-6 	 9.977514494686192E-6 	 2.8774569716332105E-4 	 2.8774569716332105E-4 	 2.8774569716332105E-4 	 2.8774569716332105E-4 	 
-2.664 	 9.957704649501244E-6 	 9.957704649501244E-6 	 9.957704649501244E-6 	 9.957704649501244E-6 	 2.583320727527468E-4 	 2.583320727527468E-4 	 2.583320727527468E-4 	 2.583320727527468E-4 	 
-2.64 	 2.2011281023648705E-9 	 2.2011281023648705E-9 	 2.2011281023648705E-9 	 2.2011281023648705E-9 	 2.826311300308869E-4 	 2.826311300308869E-4 	 2.826311300308869E-4 	 2.826311300308869E-4 	 
-2.616 	 2.2011281023648705E-9 	 2.2011281023648705E-9 	 2.2011281023648705E-9 	 2.2011281023648705E-9 	 4.480887825415667E-4 	 4.480887825415667E-4 	 4.480887825415667E-4 	 4.480887825415667E-4 	 
-2.592 	 4.402212241957066E-9 	 4.402212241957066E-9 	 4.402212241957066E-9 	 4.402212241957066E-9 	 4.741730249976897E-4 	 4.741730249976897E-4 	 4.741730249976897E-4 	 4.741730249976897E-4 	 
-2.568 	 0.0 	 0.0 	 0.0 	 0.0 	 4.3943988270066974E-4 	 4.3943988270066974E-4 	 4.3943988270066974E-4 	 4.3943988270066974E-4 	 
-2.544 	 6.603362325708274E-9 	 6.603362325708274E-9 	 6.603362325708274E-9 	 6.603362325708274E-9 	 3.3295915920196484E-4 	 3.3295915920196484E-4 	 3.3295915920196484E-4 	 3.3295915920196484E-4 	 
-2.52 	 2.4212035445958036E-8 	 2.4212035445958036E-8 	 2.4212035445958036E-8 	 2.4212035445958036E-8 	 4.036123706691995E-4 	 4.036123706691995E-4 	 4.036123706691995E-4 	 4.036123706691995E-4 	 
-2.496 	 3.74185622675317E-8 	 3.74185622675317E-8 	 3.74185622675317E-8 	 3.74185622675317E-8 	 5.097959044940878E-4 	 5.097959044940878E-4 	 5.097959044940878E-4 	 5.097959044940878E-4 	 
-2.472 	 1.9924213635562617E-5 	 1.9924213635562617E-5 	 1.9924213635562617E-5 	 1.9924213635562617E-5 	 5.185939745309929E-4 	 5.185939745309929E-4 	 5.185939745309929E-4 	 5.185939745309929E-4 	 
-2.448 	 3.081526588466536E-8 	 3.081526588466536E-8 	 3.081526588466536E-8 	 3.081526588466536E-8 	 4.4171152444121746E-4 	 4.4171152444121746E-4 	 4.4171152444121746E-4 	 4.4171152444121746E-4 	 
-2.424 	 9.979715578825783E-6 	 9.979715578825783E-6 	 9.979715578825783E-6 	 9.979715578825783E-6 	 5.537443335372264E-4 	 5.537443335372264E-4 	 5.537443335372264E-4 	 5.537443335372264E-4 	 
-2.4 	 9.968710224068911E-6 	 9.968710224068911E-6 	 9.968710224068911E-6 	 9.968710224068911E-6 	 7.338595446328488E-4 	 7.338595446328488E-4 	 7.338595446328488E-4 	 7.338595446328488E-4 	 
-2.376 	 1.9809801222614634E-8 	 1.9809801222614634E-8 	 1.9809801222614634E-8 	 1.9809801222614634E-8 	 6.760614012112529E-4 	 6.760614012112529E-4 	 6.760614012112529E-4 	 6.760614012112529E-4 	 
-2.352 	 5.282608530403026E-8 	 5.282608530403026E-8 	 5.282608530403026E-8 	 5.282608530403026E-8 	 6.79270108839771E-4 	 6.79270108839771E-4 	 6.79270108839771E-4 	 6.79270108839771E-4 	 
-2.328 	 1.9974838592764273E-5 	 1.9974838592764273E-5 	 1.9974838592764273E-5 	 1.9974838592764273E-5 	 8.496856720627956E-4 	 8.496856720627956E-4 	 8.496856720627956E-4 	 8.496856720627956E-4 	 
-2.304 	 1.997483879059456E-5 	 1.997483879059456E-5 	 1.997483879059456E-5 	 1.997483879059456E-5 	 7.230961510939206E-4 	 7.230961510939206E-4 	 7.230961510939206E-4 	 7.230961510939206E-4 	 
-2.2800000000000002 	 2.9886320519287193E-5 	 2.9886320519287193E-5 	 2.9886320519287193E-5 	 2.9886320519287193E-5 	 8.958602985153834E-4 	 8.958602985153834E-4 	 8.958602985153834E-4 	 8.958602985153834E-4 	 
-2.2560000000000002 	 3.08152878660517E-8 	 3.08152878660517E-8 	 3.08152878660517E-8 	 3.08152878660517E-8 	 9.205236368019096E-4 	 9.205236368019096E-4 	 9.205236368019096E-4 	 9.205236368019096E-4 	 
-2.232 	 9.995123167806442E-6 	 9.995123167806442E-6 	 9.995123167806442E-6 	 9.995123167806442E-6 	 9.702311649568261E-4 	 9.702311649568261E-4 	 9.702311649568261E-4 	 9.702311649568261E-4 	 
-2.208 	 1.0019335357119909E-5 	 1.0019335357119909E-5 	 1.0019335357119909E-5 	 1.0019335357119909E-5 	 0.0011707189768401804 	 0.0011707189768401804 	 0.0011707189768401804 	 0.0011707189768401804 	 
-2.184 	 1.9944023458766177E-5 	 1.9944023458766177E-5 	 1.9944023458766177E-5 	 1.9944023458766177E-5 	 0.0011323761834619733 	 0.0011323761834619733 	 0.0011323761834619733 	 0.0011323761834619733 	 
-2.16 	 9.984117835030512E-6 	 9.984117835030512E-6 	 9.984117835030512E-6 	 9.984117835030512E-6 	 0.001243573438506291 	 0.001243573438506291 	 0.001243573438506291 	 0.001243573438506291 	 
-2.136 	 1.0006128720393162E-5 	 1.0006128720393162E-5 	 1.0006128720393162E-5 	 1.0006128720393162E-5 	 0.0012176743041505177 	 0.0012176743041505177 	 0.0012176743041505177 	 0.0012176743041505177 	 
-2.112 	 9.244584161632972E-8 	 9.244584161632972E-8 	 9.244584161632972E-8 	 9.244584161632972E-8 	 0.0012743595210026628 	 0.0012743595210026628 	 0.0012743595210026628 	 0.0012743595210026628 	 
-2.088 	 3.9872639350533535E-5 	 3.9872639350533535E-5 	 3.9872639350533535E-5 	 3.9872639350533535E-5 	 0.0014518130165154452 	 0.0014518130165154452 	 0.0014518130165154452 	 0.0014518130165154452 	 
-2.064 	 1.002153633135433E-5 	 1.002153633135433E-5 	 1.002153633135433E-5 	 1.002153633135433E-5 	 0.0013857538005955898 	 0.0013857538005955898 	 0.0013857538005955898 	 0.0013857538005955898 	 
-2.04 	 2.0012257177012312E-5 	 2.0012257177012312E-5 	 2.0012257177012312E-5 	 2.0012257177012312E-5 	 0.0016702166621529676 	 0.0016702166621529676 	 0.0016702166621529676 	 0.0016702166621529676 	 
-2.016 	 2.0025463593927843E-5 	 2.0025463593927843E-5 	 2.0025463593927843E-5 	 2.0025463593927843E-5 	 0.0017985010189593687 	 0.0017985010189593687 	 0.0017985010189593687 	 0.0017985010189593687 	 
-1.992 	 5.980125519833809E-5 	 5.980125519833809E-5 	 5.980125519833809E-5 	 5.980125519833809E-5 	 0.0019063781784653864 	 0.0019063781784653864 	 0.0019063781784653864 	 0.0019063781784653864 	 
-1.968 	 1.0052351443371046E-5 	 1.0052351443371046E-5 	 1.0052351443371046E-5 	 1.0052351443371046E-5 	 0.0019309438827068018 	 0.0019309438827068018 	 0.0019309438827068018 	 0.0019309438827068018 	 
-1.944 	 2.9980967247214155E-5 	 2.9980967247214155E-5 	 2.9980967247214155E-5 	 2.9980967247214155E-5 	 0.002159589418056129 	 0.002159589418056129 	 0.002159589418056129 	 0.002159589418056129 	 
-1.92 	 3.992766647601569E-5 	 3.992766647601569E-5 	 3.992766647601569E-5 	 3.992766647601569E-5 	 0.0022397652615724524 	 0.0022397652615724524 	 0.0022397652615724524 	 0.0022397652615724524 	 
-1.896 	 3.992326428575379E-5 	 3.992326428575379E-5 	 3.992326428575379E-5 	 3.992326428575379E-5 	 0.0025408293144569168 	 0.0025408293144569168 	 0.0025408293144569168 	 0.0025408293144569168 	 
-1.8719999999999999 	 2.9967760830298627E-5 	 2.9967760830298627E-5 	 2.9967760830298627E-5 	 2.9967760830298627E-5 	 0.002889351441052138 	 0.002889351441052138 	 0.002889351441052138 	 0.002889351441052138 	 
-1.8479999999999999 	 3.987043822243071E-5 	 3.987043822243071E-5 	 3.987043822243071E-5 	 3.987043822243071E-5 	 0.00296299754573115 	 0.00296299754573115 	 0.00296299754573115 	 0.00296299754573115 	 
-1.824 	 1.9963833501780963E-5 	 1.9963833501780963E-5 	 1.9963833501780963E-5 	 1.9963833501780963E-5 	 0.003163518757047893 	 0.003163518757047893 	 0.003163518757047893 	 0.003163518757047893 	 
-1.8 	 7.263590850759221E-8 	 7.263590850759221E-8 	 7.263590850759221E-8 	 7.263590850759221E-8 	 0.003774706561198127 	 0.003774706561198127 	 0.003774706561198127 	 0.003774706561198127 	 
-1.776 	 2.995455443536361E-5 	 2.995455443536361E-5 	 2.995455443536361E-5 	 2.995455443536361E-5 	 0.004028794200427814 	 0.004028794200427814 	 0.004028794200427814 	 0.004028794200427814 	 
-1.752 	 2.000785503071408E-5 	 2.000785503071408E-5 	 2.000785503071408E-5 	 2.000785503071408E-5 	 0.004485084740257776 	 0.004485084740257776 	 0.004485084740257776 	 0.004485084740257776 	 
-1.728 	 2.997656525478254E-5 	 2.997656525478254E-5 	 2.997656525478254E-5 	 2.997656525478254E-5 	 0.004846414037454229 	 0.004846414037454229 	 0.004846414037454229 	 0.004846414037454229 	 
-1.704 	 3.992546556772454E-5 	 3.992546556772454E-5 	 3.992546556772454E-5 	 3.992546556772454E-5 	 0.004795809571665559 	 0.004795809571665559 	 0.004795809571665559 	 0.004795809571665559 	 
-1.68 	 2.002546385770141E-5 	 2.002546385770141E-5 	 2.002546385770141E-5 	 2.002546385770141E-5 	 0.005399294157133483 	 0.005399294157133483 	 0.005399294157133483 	 0.005399294157133483 	 
-1.656 	 4.9885371433252395E-5 	 4.9885371433252395E-5 	 4.9885371433252395E-5 	 4.9885371433252395E-5 	 0.006174206381102268 	 0.006174206381102268 	 0.006174206381102268 	 0.006174206381102268 	 
-1.632 	 1.0094172283824256E-5 	 1.0094172283824256E-5 	 1.0094172283824256E-5 	 1.0094172283824256E-5 	 0.006295856499513716 	 0.006295856499513716 	 0.006295856499513716 	 0.006295856499513716 	 
-1.6079999999999999 	 5.9865086990096763E-5 	 5.9865086990096763E-5 	 5.9865086990096763E-5 	 5.9865086990096763E-5 	 0.007052834253627993 	 0.007052834253627993 	 0.007052834253627993 	 0.007052834253627993 	 
-1.584 	 2.0056278837831557E-5 	 2.0056278837831557E-5 	 2.0056278837831557E-5 	 2.0056278837831557E-5 	 0.007724135701012152 	 0.007724135701012152 	 0.007724135701012152 	 0.007724135701012152 	 
-1.56 	 5.9887097787534287E-5 	 5.9887097787534287E-5 	 5.9887097787534287E-5 	 5.9887097787534287E-5 	 0.008531293503413511 	 0.008531293503413511 	 0.008531293503413511 	 0.008531293503413511 	 
-1.536 	 4.0000302538390346E-5 	 4.0000302538390346E-5 	 4.0000302538390346E-5 	 4.0000302538390346E-5 	 0.009094819450296845 	 0.009094819450296845 	 0.009094819450296845 	 0.009094819450296845 	 
-1.512 	 4.998001816117846E-5 	 4.998001816117846E-5 	 4.998001816117846E-5 	 4.998001816117846E-5 	 0.009995164720756603 	 0.009995164720756603 	 0.009995164720756603 	 0.009995164720756603 	 
-1.488 	 6.988001965139085E-5 	 6.988001965139085E-5 	 6.988001965139085E-5 	 6.988001965139085E-5 	 0.011160542577758835 	 0.011160542577758835 	 0.011160542577758835 	 0.011160542577758835 	 
-1.464 	 5.002624092811956E-5 	 5.002624092811956E-5 	 5.002624092811956E-5 	 5.002624092811956E-5 	 0.012329615208315834 	 0.012329615208315834 	 0.012329615208315834 	 0.012329615208315834 	 
-1.44 	 8.983945076507966E-5 	 8.983945076507966E-5 	 8.983945076507966E-5 	 8.983945076507966E-5 	 0.013482171575978925 	 0.013482171575978925 	 0.013482171575978925 	 0.013482171575978925 	 
-1.416 	 6.988882416379856E-5 	 6.988882416379856E-5 	 6.988882416379856E-5 	 6.988882416379856E-5 	 0.014727488877410572 	 0.014727488877410572 	 0.014727488877410572 	 0.014727488877410572 	 
-1.392 	 8.974700556091561E-5 	 8.974700556091561E-5 	 8.974700556091561E-5 	 8.974700556091561E-5 	 0.016094942720278352 	 0.016094942720278352 	 0.016094942720278352 	 0.016094942720278352 	 
-1.3679999999999999 	 1.0160204830005258E-5 	 1.0160204830005258E-5 	 1.0160204830005258E-5 	 1.0160204830005258E-5 	 0.01735945072052614 	 0.01735945072052614 	 0.01735945072052614 	 0.01735945072052614 	 
-1.3439999999999999 	 6.992184031599344E-5 	 6.992184031599344E-5 	 6.992184031599344E-5 	 6.992184031599344E-5 	 0.019707519867523633 	 0.019707519867523633 	 0.019707519867523633 	 0.019707519867523633 	 
-1.32 	 6.994165002929135E-5 	 6.994165002929135E-5 	 6.994165002929135E-5 	 6.994165002929135E-5 	 0.020810147517528188 	 0.020810147517528188 	 0.020810147517528188 	 0.020810147517528188 	 
-1.296 	 8.98812715395878E-5 	 8.98812715395878E-5 	 8.98812715395878E-5 	 8.98812715395878E-5 	 0.02263470459670663 	 0.02263470459670663 	 0.02263470459670663 	 0.02263470459670663 	 
-1.272 	 7.99103600775122E-5 	 7.99103600775122E-5 	 7.99103600775122E-5 	 7.99103600775122E-5 	 0.024398068967043846 	 0.024398068967043846 	 0.024398068967043846 	 0.024398068967043846 	 
-1.248 	 9.98037586889823E-5 	 9.98037586889823E-5 	 9.98037586889823E-5 	 9.98037586889823E-5 	 0.025913037419716182 	 0.025913037419716182 	 0.025913037419716182 	 0.025913037419716182 	 
-1.224 	 7.994557751167735E-5 	 7.994557751167735E-5 	 7.994557751167735E-5 	 7.994557751167735E-5 	 0.02804037064497837 	 0.02804037064497837 	 0.02804037064497837 	 0.02804037064497837 	 
-1.2 	 7.996538720299349E-5 	 7.996538720299349E-5 	 7.996538720299349E-5 	 7.996538720299349E-5 	 0.029514045984270966 	 0.029514045984270966 	 0.029514045984270966 	 0.029514045984270966 	 
-1.176 	 1.4951964598401815E-4 	 1.4951964598401815E-4 	 1.4951964598401815E-4 	 1.4951964598401815E-4 	 0.031147497012578435 	 0.031147497012578435 	 0.031147497012578435 	 0.031147497012578435 	 
-1.152 	 4.99602083159935E-5 	 4.99602083159935E-5 	 4.99602083159935E-5 	 4.99602083159935E-5 	 0.03284659915333311 	 0.03284659915333311 	 0.03284659915333311 	 0.03284659915333311 	 
-1.128 	 5.992011389576683E-5 	 5.992011389576683E-5 	 5.992011389576683E-5 	 5.992011389576683E-5 	 0.03474181795478983 	 0.03474181795478983 	 0.03474181795478983 	 0.03474181795478983 	 
-1.1039999999999999 	 4.998442002172308E-5 	 4.998442002172308E-5 	 4.998442002172308E-5 	 4.998442002172308E-5 	 0.03514495124889057 	 0.03514495124889057 	 0.03514495124889057 	 0.03514495124889057 	 
-1.08 	 7.985533293004912E-5 	 7.985533293004912E-5 	 7.985533293004912E-5 	 7.985533293004912E-5 	 0.03567461702684438 	 0.03567461702684438 	 0.03567461702684438 	 0.03567461702684438 	 
-1.056 	 5.998174427366909E-5 	 5.998174427366909E-5 	 5.998174427366909E-5 	 5.998174427366909E-5 	 0.0371726292639843 	 0.0371726292639843 	 0.0371726292639843 	 0.0371726292639843 	 
-1.032 	 8.980203204894459E-5 	 8.980203204894459E-5 	 8.980203204894459E-5 	 8.980203204894459E-5 	 0.036890057382118965 	 0.036890057382118965 	 0.036890057382118965 	 0.036890057382118965 	 
-1.008 	 7.979590350440029E-5 	 7.979590350440029E-5 	 7.979590350440029E-5 	 7.979590350440029E-5 	 0.037345073717995766 	 0.037345073717995766 	 0.037345073717995766 	 0.037345073717995766 	 
-0.984 	 4.994920271944491E-5 	 4.994920271944491E-5 	 4.994920271944491E-5 	 4.994920271944491E-5 	 0.03613640423512113 	 0.03613640423512113 	 0.03613640423512113 	 0.03613640423512113 	 
-0.96 	 4.9951403759622595E-5 	 4.9951403759622595E-5 	 4.9951403759622595E-5 	 4.9951403759622595E-5 	 0.03428036018879072 	 0.03428036018879072 	 0.03428036018879072 	 0.03428036018879072 	 
-0.9359999999999999 	 6.981618807944252E-5 	 6.981618807944252E-5 	 6.981618807944252E-5 	 6.981618807944252E-5 	 0.032618185690525256 	 0.032618185690525256 	 0.032618185690525256 	 0.032618185690525256 	 
-0.9119999999999999 	 3.994967736137788E-5 	 3.994967736137788E-5 	 3.994967736137788E-5 	 3.994967736137788E-5 	 0.02999736081596131 	 0.02999736081596131 	 0.02999736081596131 	 0.02999736081596131 	 
-0.8879999999999999 	 3.9965084884413945E-5 	 3.9965084884413945E-5 	 3.9965084884413945E-5 	 3.9965084884413945E-5 	 0.027530609640289538 	 0.027530609640289538 	 0.027530609640289538 	 0.027530609640289538 	 
-0.8639999999999999 	 4.9905180882776345E-5 	 4.9905180882776345E-5 	 4.9905180882776345E-5 	 4.9905180882776345E-5 	 0.024453883562212664 	 0.024453883562212664 	 0.024453883562212664 	 0.024453883562212664 	 
-0.8399999999999999 	 4.986336024015342E-5 	 4.986336024015342E-5 	 4.986336024015342E-5 	 4.986336024015342E-5 	 0.021562108079881074 	 0.021562108079881074 	 0.021562108079881074 	 0.021562108079881074 	 
-0.8159999999999998 	 2.99567552337487E-5 	 2.99567552337487E-5 	 2.99567552337487E-5 	 2.99567552337487E-5 	 0.018521339357732883 	 0.018521339357732883 	 0.018521339357732883 	 0.018521339357732883 	 
-0.7919999999999998 	 2.004087133677689E-5 	 2.004087133677689E-5 	 2.004087133677689E-5 	 2.004087133677689E-5 	 0.015525094258667568 	 0.015525094258667568 	 0.015525094258667568 	 0.015525094258667568 	 
-0.7679999999999998 	 4.989417541811426E-5 	 4.989417541811426E-5 	 4.989417541811426E-5 	 4.989417541811426E-5 	 0.013324334005844568 	 0.013324334005844568 	 0.013324334005844568 	 0.013324334005844568 	 
-0.7439999999999998 	 3.992986740628731E-5 	 3.992986740628731E-5 	 3.992986740628731E-5 	 3.992986740628731E-5 	 0.010790344667619096 	 0.010790344667619096 	 0.010790344667619096 	 0.010790344667619096 	 
-0.7199999999999998 	 3.99056555466907E-5 	 3.99056555466907E-5 	 3.99056555466907E-5 	 3.99056555466907E-5 	 0.009326164552484641 	 0.009326164552484641 	 0.009326164552484641 	 0.009326164552484641 	 
-0.6959999999999997 	 3.987704151881272E-5 	 3.987704151881272E-5 	 3.987704151881272E-5 	 3.987704151881272E-5 	 0.007938806697507812 	 0.007938806697507812 	 0.007938806697507812 	 0.007938806697507812 	 
-0.6720000000000002 	 1.0006128632468493E-5 	 1.0006128632468493E-5 	 1.0006128632468493E-5 	 1.0006128632468493E-5 	 0.006465197448557722 	 0.006465197448557722 	 0.006465197448557722 	 0.006465197448557722 	 
-0.6480000000000001 	 1.99374202722898E-5 	 1.99374202722898E-5 	 1.99374202722898E-5 	 1.99374202722898E-5 	 0.0053576784903482284 	 0.0053576784903482284 	 0.0053576784903482284 	 0.0053576784903482284 	 
-0.6240000000000001 	 1.0010530800748555E-5 	 1.0010530800748555E-5 	 1.0010530800748555E-5 	 1.0010530800748555E-5 	 0.00443416490163329 	 0.00443416490163329 	 0.00443416490163329 	 0.00443416490163329 	 
-0.6000000000000001 	 1.0565223655178052E-7 	 1.0565223655178052E-7 	 1.0565223655178052E-7 	 1.0565223655178052E-7 	 0.0037740313402157394 	 0.0037740313402157394 	 0.0037740313402157394 	 0.0037740313402157394 	 
-0.5760000000000001 	 4.982814289391334E-5 	 4.982814289391334E-5 	 4.982814289391334E-5 	 4.982814289391334E-5 	 0.0032739068650703687 	 0.0032739068650703687 	 0.0032739068650703687 	 0.0032739068650703687 	 
-0.552 	 1.994842580289513E-5 	 1.994842580289513E-5 	 1.994842580289513E-5 	 1.994842580289513E-5 	 0.0028224173312264584 	 0.0028224173312264584 	 0.0028224173312264584 	 0.0028224173312264584 	 
-0.528 	 5.0625111069613665E-8 	 5.0625111069613665E-8 	 5.0625111069613665E-8 	 5.0625111069613665E-8 	 0.002397524619375789 	 0.002397524619375789 	 0.002397524619375789 	 0.002397524619375789 	 
-0.504 	 1.9961632241791595E-5 	 1.9961632241791595E-5 	 1.9961632241791595E-5 	 1.9961632241791595E-5 	 0.0020810984499472366 	 0.0020810984499472366 	 0.0020810984499472366 	 0.0020810984499472366 	 
-0.48 	 1.0023737305588743E-5 	 1.0023737305588743E-5 	 1.0023737305588743E-5 	 1.0023737305588743E-5 	 0.001763391232169933 	 0.001763391232169933 	 0.001763391232169933 	 0.001763391232169933 	 
-0.45599999999999996 	 2.0003453060263854E-5 	 2.0003453060263854E-5 	 2.0003453060263854E-5 	 2.0003453060263854E-5 	 0.0015851900479500287 	 0.0015851900479500287 	 0.0015851900479500287 	 0.0015851900479500287 	 
-0.43199999999999994 	 2.9952353175374688E-5 	 2.9952353175374688E-5 	 2.9952353175374688E-5 	 2.9952353175374688E-5 	 0.0013403729685308552 	 0.0013403729685308552 	 0.0013403729685308552 	 0.0013403729685308552 	 
-0.4079999999999999 	 1.999905054028557E-5 	 1.999905054028557E-5 	 1.999905054028557E-5 	 1.999905054028557E-5 	 0.001182824779154074 	 0.001182824779154074 	 0.001182824779154074 	 0.001182824779154074 	 
-0.3839999999999999 	 3.991225897495968E-5 	 3.991225897495968E-5 	 3.991225897495968E-5 	 3.991225897495968E-5 	 0.0010032746396354023 	 0.0010032746396354023 	 0.0010032746396354023 	 0.0010032746396354023 	 
-0.3599999999999999 	 2.002326266365532E-5 	 2.002326266365532E-5 	 2.002326266365532E-5 	 2.002326266365532E-5 	 0.0010261374877865287 	 0.0010261374877865287 	 0.0010261374877865287 	 0.0010261374877865287 	 
-0.33599999999999985 	 3.990785674073593E-5 	 3.990785674073593E-5 	 3.990785674073593E-5 	 3.990785674073593E-5 	 8.336091717154021E-4 	 8.336091717154021E-4 	 8.336091717154021E-4 	 8.336091717154021E-4 	 
-0.31199999999999983 	 2.9941347952505686E-5 	 2.9941347952505686E-5 	 2.9941347952505686E-5 	 2.9941347952505686E-5 	 7.345573872043883E-4 	 7.345573872043883E-4 	 7.345573872043883E-4 	 7.345573872043883E-4 	 
-0.2879999999999998 	 2.004747502881943E-5 	 2.004747502881943E-5 	 2.004747502881943E-5 	 2.004747502881943E-5 	 6.615007707014469E-4 	 6.615007707014469E-4 	 6.615007707014469E-4 	 6.615007707014469E-4 	 
-0.2639999999999998 	 2.01575306645975E-5 	 2.01575306645975E-5 	 2.01575306645975E-5 	 2.01575306645975E-5 	 6.909274579194408E-4 	 6.909274579194408E-4 	 6.909274579194408E-4 	 6.909274579194408E-4 	 
-0.23999999999999977 	 6.984920601211165E-5 	 6.984920601211165E-5 	 6.984920601211165E-5 	 6.984920601211165E-5 	 4.980497630175575E-4 	 4.980497630175575E-4 	 4.980497630175575E-4 	 4.980497630175575E-4 	 
-0.21599999999999975 	 3.0143851628015456E-5 	 3.0143851628015456E-5 	 3.0143851628015456E-5 	 3.0143851628015456E-5 	 5.388440578565507E-4 	 5.388440578565507E-4 	 5.388440578565507E-4 	 5.388440578565507E-4 	 
-0.19199999999999973 	 4.3802231623224006E-7 	 4.3802231623224006E-7 	 4.3802231623224006E-7 	 4.3802231623224006E-7 	 4.6458670891771475E-4 	 4.6458670891771475E-4 	 4.6458670891771475E-4 	 4.6458670891771475E-4 	 
-0.16800000000000015 	 5.0475273039298236E-5 	 5.0475273039298236E-5 	 5.0475273039298236E-5 	 5.0475273039298236E-5 	 4.1049837024328587E-4 	 4.1049837024328587E-4 	 4.1049837024328587E-4 	 4.1049837024328587E-4 	 
-0.14400000000000013 	 2.0899310131688333E-5 	 2.0899310131688333E-5 	 2.0899310131688333E-5 	 2.0899310131688333E-5 	 3.950441733411962E-4 	 3.950441733411962E-4 	 3.950441733411962E-4 	 3.950441733411962E-4 	 
-0.1200000000000001 	 3.158118223402017E-5 	 3.158118223402017E-5 	 3.158118223402017E-5 	 3.158118223402017E-5 	 3.3616918727243886E-4 	 3.3616918727243886E-4 	 3.3616918727243886E-4 	 3.3616918727243886E-4 	 
-0.09600000000000009 	 9.235532866792143E-5 	 9.235532866792143E-5 	 9.235532866792143E-5 	 9.235532866792143E-5 	 3.488021817405195E-4 	 3.488021817405195E-4 	 3.488021817405195E-4 	 3.488021817405195E-4 	 
-0.07200000000000006 	 1.3377314893372972E-4 	 1.3377314893372972E-4 	 1.3377314893372972E-4 	 1.3377314893372972E-4 	 2.881263082440748E-4 	 2.881263082440748E-4 	 2.881263082440748E-4 	 2.881263082440748E-4 	 
-0.04800000000000004 	 4.739903453482956E-4 	 4.739903453482956E-4 	 4.739903453482956E-4 	 4.739903453482956E-4 	 3.1223275217696493E-4 	 3.1223275217696493E-4 	 3.1223275217696493E-4 	 3.1223275217696493E-4 	 
-0.02400000000000002 	 4.268783644404347E-4 	 4.268783644404347E-4 	 4.268783644404347E-4 	 4.268783644404347E-4 	 3.1200066571952393E-4 	 3.1200066571952393E-4 	 3.1200066571952393E-4 	 3.1200066571952393E-4 	 
0.0 	 9.484054785479143E-4 	 9.484054785479143E-4 	 9.484054785479143E-4 	 9.484054785479143E-4 	 3.0821318472941097E-4 	 3.0821318472941097E-4 	 3.0821318472941097E-4 	 3.0821318472941097E-4 	 
0.02400000000000002 	 0.0014406977857437753 	 0.0014406977857437753 	 0.0014406977857437753 	 0.0014406977857437753 	 2.9022296217510877E-4 	 2.9022296217510877E-4 	 2.9022296217510877E-4 	 2.9022296217510877E-4 	 
0.04800000000000004 	 0.0024028181174218176 	 0.0024028181174218176 	 0.0024028181174218176 	 0.0024028181174218176 	 2.6766548403325255E-4 	 2.6766548403325255E-4 	 2.6766548403325255E-4 	 2.6766548403325255E-4 	 
0.07200000000000006 	 0.003495874331732136 	 0.003495874331732136 	 0.003495874331732136 	 0.003495874331732136 	 2.555365252794452E-4 	 2.555365252794452E-4 	 2.555365252794452E-4 	 2.555365252794452E-4 	 
0.09600000000000009 	 0.005687038228407356 	 0.005687038228407356 	 0.005687038228407356 	 0.005687038228407356 	 2.5673493900404054E-4 	 2.5673493900404054E-4 	 2.5673493900404054E-4 	 2.5673493900404054E-4 	 
0.1200000000000001 	 0.00822855307359758 	 0.00822855307359758 	 0.00822855307359758 	 0.00822855307359758 	 2.461454293700169E-4 	 2.461454293700169E-4 	 2.461454293700169E-4 	 2.461454293700169E-4 	 
0.14400000000000013 	 0.012294312078132698 	 0.012294312078132698 	 0.012294312078132698 	 0.012294312078132698 	 2.2995340227705878E-4 	 2.2995340227705878E-4 	 2.2995340227705878E-4 	 2.2995340227705878E-4 	 
0.16800000000000015 	 0.016988874594267647 	 0.016988874594267647 	 0.016988874594267647 	 0.016988874594267647 	 2.3808914634462113E-4 	 2.3808914634462113E-4 	 2.3808914634462113E-4 	 2.3808914634462113E-4 	 
0.19200000000000017 	 0.021356490262028138 	 0.021356490262028138 	 0.021356490262028138 	 0.021356490262028138 	 2.3902686138528695E-4 	 2.3902686138528695E-4 	 2.3902686138528695E-4 	 2.3902686138528695E-4 	 
0.2160000000000002 	 0.028460625800691364 	 0.028460625800691364 	 0.028460625800691364 	 0.028460625800691364 	 2.63390614593259E-4 	 2.63390614593259E-4 	 2.63390614593259E-4 	 2.63390614593259E-4 	 
0.2400000000000002 	 0.033135697689905416 	 0.033135697689905416 	 0.033135697689905416 	 0.033135697689905416 	 2.5484108434048355E-4 	 2.5484108434048355E-4 	 2.5484108434048355E-4 	 2.5484108434048355E-4 	 
0.26400000000000023 	 0.04010865299130626 	 0.04010865299130626 	 0.04010865299130626 	 0.04010865299130626 	 2.966857877329126E-4 	 2.966857877329126E-4 	 2.966857877329126E-4 	 2.966857877329126E-4 	 
0.28800000000000026 	 0.0450688709098333 	 0.0450688709098333 	 0.0450688709098333 	 0.0450688709098333 	 3.2947466980008146E-4 	 3.2947466980008146E-4 	 3.2947466980008146E-4 	 3.2947466980008146E-4 	 
0.3120000000000003 	 0.05123860437633997 	 0.05123860437633997 	 0.05123860437633997 	 0.05123860437633997 	 2.9872918224531033E-4 	 2.9872918224531033E-4 	 2.9872918224531033E-4 	 2.9872918224531033E-4 	 
0.33599999999999985 	 0.0549451486038601 	 0.0549451486038601 	 0.0549451486038601 	 0.0549451486038601 	 2.7911233011124404E-4 	 2.7911233011124404E-4 	 2.7911233011124404E-4 	 2.7911233011124404E-4 	 
0.3599999999999999 	 0.05650767399559826 	 0.05650767399559826 	 0.05650767399559826 	 0.05650767399559826 	 2.7430396462159364E-4 	 2.7430396462159364E-4 	 2.7430396462159364E-4 	 2.7430396462159364E-4 	 
0.3839999999999999 	 0.05806651916827976 	 0.05806651916827976 	 0.05806651916827976 	 0.05806651916827976 	 2.5176575172272653E-4 	 2.5176575172272653E-4 	 2.5176575172272653E-4 	 2.5176575172272653E-4 	 
0.4079999999999999 	 0.05645932051878408 	 0.05645932051878408 	 0.05645932051878408 	 0.05645932051878408 	 2.507597742172559E-4 	 2.507597742172559E-4 	 2.507597742172559E-4 	 2.507597742172559E-4 	 
0.43199999999999994 	 0.05674843730164359 	 0.05674843730164359 	 0.05674843730164359 	 0.05674843730164359 	 2.494623973244422E-4 	 2.494623973244422E-4 	 2.494623973244422E-4 	 2.494623973244422E-4 	 
0.45599999999999996 	 0.05390745836003824 	 0.05390745836003824 	 0.05390745836003824 	 0.05390745836003824 	 2.277283048013512E-4 	 2.277283048013512E-4 	 2.277283048013512E-4 	 2.277283048013512E-4 	 
0.48 	 0.04967017547244823 	 0.04967017547244823 	 0.04967017547244823 	 0.04967017547244823 	 2.0487480305366696E-4 	 2.0487480305366696E-4 	 2.0487480305366696E-4 	 2.0487480305366696E-4 	 
0.504 	 0.04414016726416046 	 0.04414016726416046 	 0.04414016726416046 	 0.04414016726416046 	 1.720468713310827E-4 	 1.720468713310827E-4 	 1.720468713310827E-4 	 1.720468713310827E-4 	 
0.528 	 0.038403811823122275 	 0.038403811823122275 	 0.038403811823122275 	 0.038403811823122275 	 1.5808384090171607E-4 	 1.5808384090171607E-4 	 1.5808384090171607E-4 	 1.5808384090171607E-4 	 
0.552 	 0.03432946639900653 	 0.03432946639900653 	 0.03432946639900653 	 0.03432946639900653 	 1.5310097242934235E-4 	 1.5310097242934235E-4 	 1.5310097242934235E-4 	 1.5310097242934235E-4 	 
0.5760000000000001 	 0.030235520320250172 	 0.030235520320250172 	 0.030235520320250172 	 0.030235520320250172 	 1.1476813830236478E-4 	 1.1476813830236478E-4 	 1.1476813830236478E-4 	 1.1476813830236478E-4 	 
0.6000000000000001 	 0.02534817805734503 	 0.02534817805734503 	 0.02534817805734503 	 0.02534817805734503 	 1.0034980749320124E-4 	 1.0034980749320124E-4 	 1.0034980749320124E-4 	 1.0034980749320124E-4 	 
0.6240000000000001 	 0.0221544555909625 	 0.0221544555909625 	 0.0221544555909625 	 0.0221544555909625 	 9.375870455390787E-5 	 9.375870455390787E-5 	 9.375870455390787E-5 	 9.375870455390787E-5 	 
0.6480000000000001 	 0.019398669625350647 	 0.019398669625350647 	 0.019398669625350647 	 0.019398669625350647 	 7.232833229994447E-5 	 7.232833229994447E-5 	 7.232833229994447E-5 	 7.232833229994447E-5 	 
0.6720000000000002 	 0.016326202679443517 	 0.016326202679443517 	 0.016326202679443517 	 0.016326202679443517 	 5.9895566169021254E-5 	 5.9895566169021254E-5 	 5.9895566169021254E-5 	 5.9895566169021254E-5 	 
0.6960000000000002 	 0.013883327238511786 	 0.013883327238511786 	 0.013883327238511786 	 0.013883327238511786 	 5.2774072183830046E-5 	 5.2774072183830046E-5 	 5.2774072183830046E-5 	 5.2774072183830046E-5 	 
0.7200000000000002 	 0.012596265296777393 	 0.012596265296777393 	 0.012596265296777393 	 0.012596265296777393 	 5.9620021413767354E-5 	 5.9620021413767354E-5 	 5.9620021413767354E-5 	 5.9620021413767354E-5 	 
0.7440000000000002 	 0.011815542947061901 	 0.011815542947061901 	 0.011815542947061901 	 0.011815542947061901 	 5.075933195864578E-5 	 5.075933195864578E-5 	 5.075933195864578E-5 	 5.075933195864578E-5 	 
0.7680000000000002 	 0.010486548149815119 	 0.010486548149815119 	 0.010486548149815119 	 0.010486548149815119 	 3.786981121199643E-5 	 3.786981121199643E-5 	 3.786981121199643E-5 	 3.786981121199643E-5 	 
0.7920000000000003 	 0.008760198236196762 	 0.008760198236196762 	 0.008760198236196762 	 0.008760198236196762 	 3.0302169172489872E-5 	 3.0302169172489872E-5 	 3.0302169172489872E-5 	 3.0302169172489872E-5 	 
0.8160000000000003 	 0.006846291742779464 	 0.006846291742779464 	 0.006846291742779464 	 0.006846291742779464 	 2.482355392846755E-5 	 2.482355392846755E-5 	 2.482355392846755E-5 	 2.482355392846755E-5 	 
0.8399999999999999 	 0.006295791793526397 	 0.006295791793526397 	 0.006295791793526397 	 0.006295791793526397 	 2.1767776440928387E-5 	 2.1767776440928387E-5 	 2.1767776440928387E-5 	 2.1767776440928387E-5 	 
0.8639999999999999 	 0.005098747589405245 	 0.005098747589405245 	 0.005098747589405245 	 0.005098747589405245 	 1.804609519894435E-5 	 1.804609519894435E-5 	 1.804609519894435E-5 	 1.804609519894435E-5 	 
0.8879999999999999 	 0.004181439169300107 	 0.004181439169300107 	 0.004181439169300107 	 0.004181439169300107 	 1.5446846290124517E-5 	 1.5446846290124517E-5 	 1.5446846290124517E-5 	 1.5446846290124517E-5 	 
0.9119999999999999 	 0.003543151180975362 	 0.003543151180975362 	 0.003543151180975362 	 0.003543151180975362 	 1.3316808663310357E-5 	 1.3316808663310357E-5 	 1.3316808663310357E-5 	 1.3316808663310357E-5 	 
0.9359999999999999 	 0.0034320338493230313 	 0.0034320338493230313 	 0.0034320338493230313 	 0.0034320338493230313 	 1.1904088272851026E-5 	 1.1904088272851026E-5 	 1.1904088272851026E-5 	 1.1904088272851026E-5 	 
0.96 	 0.002594728234873246 	 0.002594728234873246 	 0.002594728234873246 	 0.002594728234873246 	 9.666179407585349E-6 	 9.666179407585349E-6 	 9.666179407585349E-6 	 9.666179407585349E-6 	 
0.984 	 0.002314904407953249 	 0.002314904407953249 	 0.002314904407953249 	 0.002314904407953249 	 8.368269732110159E-6 	 8.368269732110159E-6 	 8.368269732110159E-6 	 8.368269732110159E-6 	 
1.008 	 0.0019358535062790453 	 0.0019358535062790453 	 0.0019358535062790453 	 0.0019358535062790453 	 7.52924684080912E-6 	 7.52924684080912E-6 	 7.52924684080912E-6 	 7.52924684080912E-6 	 
1.032 	 0.0014874816603250272 	 0.0014874816603250272 	 0.0014874816603250272 	 0.0014874816603250272 	 1.217008939199184E-5 	 1.217008939199184E-5 	 1.217008939199184E-5 	 1.217008939199184E-5 	 
1.056 	 0.001566469765884095 	 0.001566469765884095 	 0.001566469765884095 	 0.001566469765884095 	 7.354062634812856E-6 	 7.354062634812856E-6 	 7.354062634812856E-6 	 7.354062634812856E-6 	 
1.08 	 0.0012177476028611394 	 0.0012177476028611394 	 0.0012177476028611394 	 0.0012177476028611394 	 5.241873342503745E-6 	 5.241873342503745E-6 	 5.241873342503745E-6 	 5.241873342503745E-6 	 
1.104 	 0.001068203745127434 	 0.001068203745127434 	 0.001068203745127434 	 0.001068203745127434 	 4.501159882115811E-6 	 4.501159882115811E-6 	 4.501159882115811E-6 	 4.501159882115811E-6 	 
1.1280000000000001 	 0.001127430516639849 	 0.001127430516639849 	 0.001127430516639849 	 0.001127430516639849 	 4.249847773771456E-6 	 4.249847773771456E-6 	 4.249847773771456E-6 	 4.249847773771456E-6 	 
1.1520000000000001 	 8.584778440896316E-4 	 8.584778440896316E-4 	 8.584778440896316E-4 	 8.584778440896316E-4 	 3.3178469259873944E-6 	 3.3178469259873944E-6 	 3.3178469259873944E-6 	 3.3178469259873944E-6 	 
1.1760000000000002 	 7.885934222919448E-4 	 7.885934222919448E-4 	 7.885934222919448E-4 	 7.885934222919448E-4 	 2.93127925170828E-6 	 2.93127925170828E-6 	 2.93127925170828E-6 	 2.93127925170828E-6 	 
1.2000000000000002 	 8.179955039047626E-4 	 8.179955039047626E-4 	 8.179955039047626E-4 	 8.179955039047626E-4 	 3.2863626897328966E-6 	 3.2863626897328966E-6 	 3.2863626897328966E-6 	 3.2863626897328966E-6 	 
1.2240000000000002 	 5.987653226273821E-4 	 5.987653226273821E-4 	 5.987653226273821E-4 	 5.987653226273821E-4 	 8.625880765825029E-6 	 8.625880765825029E-6 	 8.625880765825029E-6 	 8.625880765825029E-6 	 
1.2480000000000002 	 4.592870223143386E-4 	 4.592870223143386E-4 	 4.592870223143386E-4 	 4.592870223143386E-4 	 3.513605463229473E-6 	 3.513605463229473E-6 	 3.513605463229473E-6 	 3.513605463229473E-6 	 
1.2720000000000002 	 5.188769732154232E-4 	 5.188769732154232E-4 	 5.188769732154232E-4 	 5.188769732154232E-4 	 2.2085305113543125E-6 	 2.2085305113543125E-6 	 2.2085305113543125E-6 	 2.2085305113543125E-6 	 
1.2960000000000003 	 3.7949111837031645E-4 	 3.7949111837031645E-4 	 3.7949111837031645E-4 	 3.7949111837031645E-4 	 1.538060783770881E-6 	 1.538060783770881E-6 	 1.538060783770881E-6 	 1.538060783770881E-6 	 
1.3200000000000003 	 4.4903437208233804E-4 	 4.4903437208233804E-4 	 4.4903437208233804E-4 	 4.4903437208233804E-4 	 1.5403213171689958E-6 	 1.5403213171689958E-6 	 1.5403213171689958E-6 	 1.5403213171689958E-6 	 
1.3440000000000003 	 3.9903454453757854E-4 	 3.9903454453757854E-4 	 3.9903454453757854E-4 	 3.9903454453757854E-4 	 1.2704579256640487E-6 	 1.2704579256640487E-6 	 1.2704579256640487E-6 	 1.2704579256640487E-6 	 
1.3680000000000003 	 2.7942543119621743E-4 	 2.7942543119621743E-4 	 2.7942543119621743E-4 	 2.7942543119621743E-4 	 1.0003871144446568E-6 	 1.0003871144446568E-6 	 1.0003871144446568E-6 	 1.0003871144446568E-6 	 
1.3920000000000003 	 2.6932905798212166E-4 	 2.6932905798212166E-4 	 2.6932905798212166E-4 	 2.6932905798212166E-4 	 8.427751197171389E-7 	 8.427751197171389E-7 	 8.427751197171389E-7 	 8.427751197171389E-7 	 
1.4160000000000004 	 1.5983832852040785E-4 	 1.5983832852040785E-4 	 1.5983832852040785E-4 	 1.5983832852040785E-4 	 6.610876206333477E-7 	 6.610876206333477E-7 	 6.610876206333477E-7 	 6.610876206333477E-7 	 
1.4400000000000004 	 2.1949651318370139E-4 	 2.1949651318370139E-4 	 2.1949651318370139E-4 	 2.1949651318370139E-4 	 7.574043515080599E-7 	 7.574043515080599E-7 	 7.574043515080599E-7 	 7.574043515080599E-7 	 
1.4640000000000004 	 1.5968645402248297E-4 	 1.5968645402248297E-4 	 1.5968645402248297E-4 	 1.5968645402248297E-4 	 5.757147972044663E-7 	 5.757147972044663E-7 	 5.757147972044663E-7 	 5.757147972044663E-7 	 
1.4880000000000004 	 1.595697960355138E-4 	 1.595697960355138E-4 	 1.595697960355138E-4 	 1.595697960355138E-4 	 4.815868261022805E-7 	 4.815868261022805E-7 	 4.815868261022805E-7 	 4.815868261022805E-7 	 
1.5120000000000005 	 7.994557718196007E-5 	 7.994557718196007E-5 	 7.994557718196007E-5 	 7.994557718196007E-5 	 3.371101877933839E-7 	 3.371101877933839E-7 	 3.371101877933839E-7 	 3.371101877933839E-7 	 
1.5360000000000005 	 1.197455808657777E-4 	 1.197455808657777E-4 	 1.197455808657777E-4 	 1.197455808657777E-4 	 4.005920249534603E-7 	 4.005920249534603E-7 	 4.005920249534603E-7 	 4.005920249534603E-7 	 
1.5600000000000005 	 9.978394873389004E-5 	 9.978394873389004E-5 	 9.978394873389004E-5 	 9.978394873389004E-5 	 3.327320561790125E-7 	 3.327320561790125E-7 	 3.327320561790125E-7 	 3.327320561790125E-7 	 
1.5840000000000005 	 7.980030567268084E-5 	 7.980030567268084E-5 	 7.980030567268084E-5 	 7.980030567268084E-5 	 2.6049430558336723E-7 	 2.6049430558336723E-7 	 2.6049430558336723E-7 	 2.6049430558336723E-7 	 
1.6080000000000005 	 5.988269517963266E-5 	 5.988269517963266E-5 	 5.988269517963266E-5 	 5.988269517963266E-5 	 2.189024050609719E-7 	 2.189024050609719E-7 	 2.189024050609719E-7 	 2.189024050609719E-7 	 
1.6319999999999997 	 4.008174234383561E-5 	 4.008174234383561E-5 	 4.008174234383561E-5 	 4.008174234383561E-5 	 2.1233542625348984E-7 	 2.1233542625348984E-7 	 2.1233542625348984E-7 	 2.1233542625348984E-7 	 
1.6559999999999997 	 7.988394676009641E-5 	 7.988394676009641E-5 	 7.988394676009641E-5 	 7.988394676009641E-5 	 2.7143921925294625E-7 	 2.7143921925294625E-7 	 2.7143921925294625E-7 	 2.7143921925294625E-7 	 
1.6799999999999997 	 1.2949858440450214E-4 	 1.2949858440450214E-4 	 1.2949858440450214E-4 	 1.2949858440450214E-4 	 2.977075280201781E-7 	 2.977075280201781E-7 	 2.977075280201781E-7 	 2.977075280201781E-7 	 
1.7039999999999997 	 1.9977039676904315E-5 	 1.9977039676904315E-5 	 1.9977039676904315E-5 	 1.9977039676904315E-5 	 7.442688199434524E-8 	 7.442688199434524E-8 	 7.442688199434524E-8 	 7.442688199434524E-8 	 
1.7279999999999998 	 1.0045748037083437E-5 	 1.0045748037083437E-5 	 1.0045748037083437E-5 	 1.0045748037083437E-5 	 7.004881596406537E-8 	 7.004881596406537E-8 	 7.004881596406537E-8 	 7.004881596406537E-8 	 
1.7519999999999998 	 4.9834746080390174E-5 	 4.9834746080390174E-5 	 4.9834746080390174E-5 	 4.9834746080390174E-5 	 1.2915269642950158E-7 	 1.2915269642950158E-7 	 1.2915269642950158E-7 	 1.2915269642950158E-7 	 
1.7759999999999998 	 1.0014932859123001E-5 	 1.0014932859123001E-5 	 1.0014932859123001E-5 	 1.0014932859123001E-5 	 5.034759535567851E-8 	 5.034759535567851E-8 	 5.034759535567851E-8 	 5.034759535567851E-8 	 
1.7999999999999998 	 2.989732587404407E-5 	 2.989732587404407E-5 	 2.989732587404407E-5 	 2.989732587404407E-5 	 7.442694758716999E-8 	 7.442694758716999E-8 	 7.442694758716999E-8 	 7.442694758716999E-8 	 
1.8239999999999998 	 9.981916575041583E-6 	 9.981916575041583E-6 	 9.981916575041583E-6 	 9.981916575041583E-6 	 3.2835331247221546E-8 	 3.2835331247221546E-8 	 3.2835331247221546E-8 	 3.2835331247221546E-8 	 
1.8479999999999999 	 9.984117681162562E-6 	 9.984117681162562E-6 	 9.984117681162562E-6 	 9.984117681162562E-6 	 3.721348471684381E-8 	 3.721348471684381E-8 	 3.721348471684381E-8 	 3.721348471684381E-8 	 
1.8719999999999999 	 9.975313366583826E-6 	 9.975313366583826E-6 	 9.975313366583826E-6 	 9.975313366583826E-6 	 3.064639660690894E-8 	 3.064639660690894E-8 	 3.064639660690894E-8 	 3.064639660690894E-8 	 
1.896 	 9.957704649501244E-6 	 9.957704649501244E-6 	 9.957704649501244E-6 	 9.957704649501244E-6 	 2.1890220831481032E-8 	 2.1890220831481032E-8 	 2.1890220831481032E-8 	 2.1890220831481032E-8 	 
1.92 	 8.804336560124882E-9 	 8.804336560124882E-9 	 8.804336560124882E-9 	 8.804336560124882E-9 	 4.378044166296206E-9 	 4.378044166296206E-9 	 4.378044166296206E-9 	 4.378044166296206E-9 	 
1.944 	 1.5407588980218544E-8 	 1.5407588980218544E-8 	 1.5407588980218544E-8 	 1.5407588980218544E-8 	 6.567066249444309E-9 	 6.567066249444309E-9 	 6.567066249444309E-9 	 6.567066249444309E-9 	 
1.968 	 9.959905755622224E-6 	 9.959905755622224E-6 	 9.959905755622224E-6 	 9.959905755622224E-6 	 2.4079374081938854E-8 	 2.4079374081938854E-8 	 2.4079374081938854E-8 	 2.4079374081938854E-8 	 
1.992 	 0.0 	 0.0 	 0.0 	 0.0 	 0.0 	 0.0 	 0.0 	 0.0 	 
2.016 	 0.0 	 0.0 	 0.0 	 0.0 	 2.189022083148103E-9 	 2.189022083148103E-9 	 2.189022083148103E-9 	 2.189022083148103E-9 	 
2.04 	 8.804336560124882E-9 	 8.804336560124882E-9 	 8.804336560124882E-9 	 8.804336560124882E-9 	 8.756306946230723E-9 	 8.756306946230723E-9 	 8.756306946230723E-9 	 8.756306946230723E-9 	 
2.064 	 1.5407588980218544E-8 	 1.5407588980218544E-8 	 1.5407588980218544E-8 	 1.5407588980218544E-8 	 6.567066249444309E-9 	 6.567066249444309E-9 	 6.567066249444309E-9 	 6.567066249444309E-9 	 
2.088 	 9.957704649501244E-6 	 9.957704649501244E-6 	 9.957704649501244E-6 	 9.957704649501244E-6 	 2.1890330138300187E-8 	 2.1890330138300187E-8 	 2.1890330138300187E-8 	 2.1890330138300187E-8 	 
2.112 	 0.0 	 0.0 	 0.0 	 0.0 	 0.0 	 0.0 	 0.0 	 0.0 	 
2.136 	 0.0 	 0.0 	 0.0 	 0.0 	 0.0 	 0.0 	 0.0 	 0.0 	 
2.16 	 0.0 	 0.0 	 0.0 	 0.0 	 2.1890876659296705E-9 	 2.1890876659296705E-9 	 2.1890876659296705E-9 	 2.1890876659296705E-9 	 
2.184 	 0.0 	 0.0 	 0.0 	 0.0 	 0.0 	 0.0 	 0.0 	 0.0 	 
2.208 	 0.0 	 0.0 	 0.0 	 0.0 	 0.0 	 0.0 	 0.0 	 0.0 	 
2.232 	 0.0 	 0.0 	 0.0 	 0.0 	 4.3781316091317035E-9 	 4.3781316091317035E-9 	 4.3781316091317035E-9 	 4.3781316091317035E-9 	 
2.2560000000000002 	 2.2011281023648705E-9 	 2.2011281023648705E-9 	 2.2011281023648705E-9 	 2.2011281023648705E-9 	 4.3781316091317035E-9 	 4.3781316091317035E-9 	 4.3781316091317035E-9 	 4.3781316091317035E-9 	 
2.2800000000000002 	 0.0 	 0.0 	 0.0 	 0.0 	 0.0 	 0.0 	 0.0 	 0.0 	 
2.3040000000000003 	 0.0 	 0.0 	 0.0 	 0.0 	 0.0 	 0.0 	 0.0 	 0.0 	 
2.3280000000000003 	 0.0 	 0.0 	 0.0 	 0.0 	 0.0 	 0.0 	 0.0 	 0.0 	 
2.3520000000000003 	 2.201106120978533E-9 	 2.201106120978533E-9 	 2.201106120978533E-9 	 2.201106120978533E-9 	 2.1890439436386673E-9 	 2.1890439436386673E-9 	 2.1890439436386673E-9 	 2.1890439436386673E-9 	 
2.3760000000000003 	 0.0 	 0.0 	 0.0 	 0.0 	 0.0 	 0.0 	 0.0 	 0.0 	 
2.4000000000000004 	 0.0 	 0.0 	 0.0 	 0.0 	 2.189022083148103E-9 	 2.189022083148103E-9 	 2.189022083148103E-9 	 2.189022083148103E-9 	 
2.4240000000000004 	 8.804336560124882E-9 	 8.804336560124882E-9 	 8.804336560124882E-9 	 8.804336560124882E-9 	 4.378044166296206E-9 	 4.378044166296206E-9 	 4.378044166296206E-9 	 4.378044166296206E-9 	 
2.4480000000000004 	 1.5407588980218544E-8 	 1.5407588980218544E-8 	 1.5407588980218544E-8 	 1.5407588980218544E-8 	 6.567066249444309E-9 	 6.567066249444309E-9 	 6.567066249444309E-9 	 6.567066249444309E-9 	 
2.4720000000000004 	 9.957704649501244E-6 	 9.957704649501244E-6 	 9.957704649501244E-6 	 9.957704649501244E-6 	 1.970119874833293E-8 	 1.970119874833293E-8 	 1.970119874833293E-8 	 1.970119874833293E-8 	 
2.4960000000000004 	 0.0 	 0.0 	 0.0 	 0.0 	 0.0 	 0.0 	 0.0 	 0.0 	 
2.5200000000000005 	 0.0 	 0.0 	 0.0 	 0.0 	 0.0 	 0.0 	 0.0 	 0.0 	 
2.5440000000000005 	 0.0 	 0.0 	 0.0 	 0.0 	 0.0 	 0.0 	 0.0 	 0.0 	 
2.5680000000000005 	 0.0 	 0.0 	 0.0 	 0.0 	 0.0 	 0.0 	 0.0 	 0.0 	 
2.5920000000000005 	 0.0 	 0.0 	 0.0 	 0.0 	 0.0 	 0.0 	 0.0 	 0.0 	 
2.6160000000000005 	 0.0 	 0.0 	 0.0 	 0.0 	 0.0 	 0.0 	 0.0 	 0.0 	 
2.6399999999999997 	 0.0 	 0.0 	 0.0 	 0.0 	 0.0 	 0.0 	 0.0 	 0.0 	 
2.6639999999999997 	 0.0 	 0.0 	 0.0 	 0.0 	 0.0 	 0.0 	 0.0 	 0.0 	 
2.6879999999999997 	 0.0 	 0.0 	 0.0 	 0.0 	 0.0 	 0.0 	 0.0 	 0.0 	 
2.7119999999999997 	 0.0 	 0.0 	 0.0 	 0.0 	 0.0 	 0.0 	 0.0 	 0.0 	 
2.7359999999999998 	 0.0 	 0.0 	 0.0 	 0.0 	 0.0 	 0.0 	 0.0 	 0.0 	 
2.76 	 0.0 	 0.0 	 0.0 	 0.0 	 0.0 	 0.0 	 0.0 	 0.0 	 
2.784 	 0.0 	 0.0 	 0.0 	 0.0 	 0.0 	 0.0 	 0.0 	 0.0 	 
2.808 	 0.0 	 0.0 	 0.0 	 0.0 	 0.0 	 0.0 	 0.0 	 0.0 	 
2.832 	 0.0 	 0.0 	 0.0 	 0.0 	 0.0 	 0.0 	 0.0 	 0.0 	 
2.856 	 0.0 	 0.0 	 0.0 	 0.0 	 0.0 	 0.0 	 0.0 	 0.0 	 
2.88 	 0.0 	 0.0 	 0.0 	 0.0 	 0.0 	 0.0 	 0.0 	 0.0 	 
2.904 	 0.0 	 0.0 	 0.0 	 0.0 	 0.0 	 0.0 	 0.0 	 0.0 	 
2.928 	 0.0 	 0.0 	 0.0 	 0.0 	 0.0 	 0.0 	 0.0 	 0.0 	 
2.952 	 0.0 	 0.0 	 0.0 	 0.0 	 0.0 	 0.0 	 0.0 	 0.0 	 
2.976 	 0.0 	 0.0 	 0.0 	 0.0 	 0.0 	 0.0 	 0.0 	 0.0 	 
