-3.0 	 4.481909030316606E-6 	 8.892422523246182E-6 	 4.481909030316606E-6 	 8.892422523246182E-6 	 6.2841893984463955E-6 	 2.7274706424671462E-5 	 6.2841893984463955E-6 	 2.7274706424671462E-5 	 
-2.976 	 1.439319012845429E-5 	 4.663399026361919E-5 	 1.439319012845429E-5 	 4.663399026361919E-5 	 2.642908737213678E-5 	 0.001814937766070197 	 2.642908737213678E-5 	 0.001814937766070197 	 
-2.952 	 6.718437917892526E-7 	 2.4262953339357294E-6 	 6.718437917892526E-7 	 2.4262953339357294E-6 	 1.3680936806193738E-6 	 3.720191848109536E-5 	 1.3680936806193738E-6 	 3.720191848109536E-5 	 
-2.928 	 7.86668554406215E-6 	 1.2747593630719398E-5 	 7.86668554406215E-6 	 1.2747593630719398E-5 	 9.819533946015286E-6 	 7.491562216469193E-5 	 9.819533946015286E-6 	 7.491562216469193E-5 	 
-2.904 	 5.249665527663179E-6 	 8.016587535400598E-6 	 5.249665527663179E-6 	 8.016587535400598E-6 	 6.38598680731809E-6 	 7.3267633500820895E-6 	 6.38598680731809E-6 	 7.3267633500820895E-6 	 
-2.88 	 1.1979126251670329E-5 	 4.328306849138849E-5 	 1.1979126251670329E-5 	 4.328306849138849E-5 	 2.3692523721651715E-5 	 0.0017430863237440249 	 2.3692523721651715E-5 	 0.0017430863237440249 	 
-2.856 	 1.4320783370460822E-5 	 1.695280032432407E-5 	 1.4320783370460822E-5 	 1.695280032432407E-5 	 1.5389250713971137E-5 	 4.700750374212929E-6 	 1.5389250713971137E-5 	 4.700750374212929E-6 	 
-2.832 	 6.834080208266148E-6 	 1.0470211149407788E-5 	 6.834080208266148E-6 	 1.0470211149407788E-5 	 8.302527952542212E-6 	 5.633261735987005E-5 	 8.302527952542212E-6 	 5.633261735987005E-5 	 
-2.808 	 2.1170309600727344E-5 	 5.60494390719159E-5 	 2.1170309600727344E-5 	 5.60494390719159E-5 	 3.4227786853489174E-5 	 0.0019263221874344083 	 3.4227786853489174E-5 	 0.0019263221874344083 	 
-2.784 	 2.4250768818232893E-5 	 2.5753282007283474E-5 	 2.4250768818232893E-5 	 2.5753282007283474E-5 	 2.4867763463588614E-5 	 5.108060235096781E-6 	 2.4867763463588614E-5 	 5.108060235096781E-6 	 
-2.76 	 2.8208529364035613E-5 	 2.9687845869891348E-5 	 2.8208529364035613E-5 	 2.9687845869891348E-5 	 2.879084576650931E-5 	 7.08124959951921E-5 	 2.879084576650931E-5 	 7.08124959951921E-5 	 
-2.7359999999999998 	 1.6089596908123657E-4 	 1.7785162395467704E-4 	 1.6089596908123657E-4 	 1.7785162395467704E-4 	 1.6673014835573305E-4 	 0.0017843517174212736 	 1.6673014835573305E-4 	 0.0017843517174212736 	 
-2.7119999999999997 	 7.978761404070854E-6 	 1.386820060306199E-5 	 7.978761404070854E-6 	 1.386820060306199E-5 	 1.030159759054102E-5 	 1.5713678591286557E-4 	 1.030159759054102E-5 	 1.5713678591286557E-4 	 
-2.688 	 7.100483673714406E-6 	 9.436655068180619E-6 	 7.100483673714406E-6 	 9.436655068180619E-6 	 8.037155197629882E-6 	 3.6651063376896876E-5 	 8.037155197629882E-6 	 3.6651063376896876E-5 	 
-2.664 	 3.093903525644624E-5 	 6.380579261999782E-5 	 3.093903525644624E-5 	 6.380579261999782E-5 	 4.318321093775303E-5 	 0.0019037828840340713 	 4.318321093775303E-5 	 0.0019037828840340713 	 
-2.64 	 2.9779121943366606E-5 	 3.300167246073666E-5 	 2.9779121943366606E-5 	 3.300167246073666E-5 	 3.106294988207216E-5 	 7.230784420435453E-5 	 3.106294988207216E-5 	 7.230784420435453E-5 	 
-2.616 	 1.5278029764266427E-4 	 1.7194159402902584E-4 	 1.5278029764266427E-4 	 1.7194159402902584E-4 	 1.593595125883438E-4 	 0.0020201828068955228 	 1.593595125883438E-4 	 0.0020201828068955228 	 
-2.592 	 2.4991632259924952E-6 	 9.14608597608885E-6 	 2.4991632259924952E-6 	 9.14608597608885E-6 	 5.117378944992089E-6 	 2.454367438113249E-4 	 5.117378944992089E-6 	 2.454367438113249E-4 	 
-2.568 	 1.4295107812649305E-5 	 4.89603220159101E-5 	 1.4295107812649305E-5 	 4.89603220159101E-5 	 2.7353364295888164E-5 	 0.0018264652393335627 	 2.7353364295888164E-5 	 0.0018264652393335627 	 
-2.544 	 1.4508825839756991E-5 	 5.188024472087827E-5 	 1.4508825839756991E-5 	 5.188024472087827E-5 	 2.8433026908025054E-5 	 0.0021602250486187527 	 2.8433026908025054E-5 	 0.0021602250486187527 	 
-2.52 	 3.992890169964369E-6 	 1.068246331508968E-5 	 3.992890169964369E-6 	 1.068246331508968E-5 	 6.6255351591277585E-6 	 2.32446301797696E-4 	 6.6255351591277585E-6 	 2.32446301797696E-4 	 
-2.496 	 1.651207532095619E-5 	 5.8617853263005165E-5 	 1.651207532095619E-5 	 5.8617853263005165E-5 	 3.2369211126825706E-5 	 0.002299688373167027 	 3.2369211126825706E-5 	 0.002299688373167027 	 
-2.472 	 1.6188163257823687E-5 	 5.3731450894063695E-5 	 1.6188163257823687E-5 	 5.3731450894063695E-5 	 3.0289318188626215E-5 	 0.0020540530044167887 	 3.0289318188626215E-5 	 0.0020540530044167887 	 
-2.448 	 4.500318633586366E-6 	 1.049874230426344E-5 	 4.500318633586366E-6 	 1.049874230426344E-5 	 6.8916087220996215E-6 	 1.3237529589231367E-4 	 6.8916087220996215E-6 	 1.3237529589231367E-4 	 
-2.424 	 2.086949083122557E-5 	 5.738755417930761E-5 	 2.086949083122557E-5 	 5.738755417930761E-5 	 3.448606025850316E-5 	 0.0020941295564050884 	 3.448606025850316E-5 	 0.0020941295564050884 	 
-2.4 	 2.1133861482658775E-5 	 6.490861501980297E-5 	 2.1133861482658775E-5 	 6.490861501980297E-5 	 3.7678738958235694E-5 	 0.0023120599668986766 	 3.7678738958235694E-5 	 0.0023120599668986766 	 
-2.376 	 2.3350712684692323E-5 	 7.461897348040234E-5 	 2.3350712684692323E-5 	 7.461897348040234E-5 	 4.277474414054472E-5 	 0.002785543084340091 	 4.277474414054472E-5 	 0.002785543084340091 	 
-2.352 	 3.478458754477272E-5 	 9.397511361119102E-5 	 3.478458754477272E-5 	 9.397511361119102E-5 	 5.742335542233718E-5 	 0.0032803662842773415 	 5.742335542233718E-5 	 0.0032803662842773415 	 
-2.328 	 5.356197761581921E-5 	 1.3156570970470477E-4 	 5.356197761581921E-5 	 1.3156570970470477E-4 	 8.376665294309319E-5 	 0.003956101894824753 	 8.376665294309319E-5 	 0.003956101894824753 	 
-2.304 	 1.6820127896178248E-4 	 2.586477458408345E-4 	 1.6820127896178248E-4 	 2.586477458408345E-4 	 2.0332248903908736E-4 	 0.005240038685133929 	 2.0332248903908736E-4 	 0.005240038685133929 	 
-2.2800000000000002 	 3.9207434873145204E-5 	 1.9846810495448888E-4 	 3.9207434873145204E-5 	 1.9846810495448888E-4 	 1.0227957116795278E-4 	 0.007606199327858097 	 1.0227957116795278E-4 	 0.007606199327858097 	 
-2.2560000000000002 	 4.588554719315928E-5 	 2.2891395611826114E-4 	 4.588554719315928E-5 	 2.2891395611826114E-4 	 1.1888059115756371E-4 	 0.00832480661281755 	 1.1888059115756371E-4 	 0.00832480661281755 	 
-2.232 	 4.92518953588717E-5 	 2.748235696211838E-4 	 4.92518953588717E-5 	 2.748235696211838E-4 	 1.3971881318555786E-4 	 0.010012007182468504 	 1.3971881318555786E-4 	 0.010012007182468504 	 
-2.208 	 9.033238386443654E-5 	 4.7126495983395477E-4 	 9.033238386443654E-5 	 4.7126495983395477E-4 	 2.420355861249708E-4 	 0.0175865196262583 	 2.420355861249708E-4 	 0.0175865196262583 	 
-2.184 	 1.1230867606101377E-4 	 6.539954253976471E-4 	 1.1230867606101377E-4 	 6.539954253976471E-4 	 3.302749870616882E-4 	 0.02419450921142229 	 3.302749870616882E-4 	 0.02419450921142229 	 
-2.16 	 1.216934850222654E-4 	 7.495575065812205E-4 	 1.216934850222654E-4 	 7.495575065812205E-4 	 3.7680221026179525E-4 	 0.02634551828304546 	 3.7680221026179525E-4 	 0.02634551828304546 	 
-2.136 	 1.6209388581000513E-4 	 9.236248231947637E-4 	 1.6209388581000513E-4 	 9.236248231947637E-4 	 4.7068077496425207E-4 	 0.031974575587334575 	 4.7068077496425207E-4 	 0.031974575587334575 	 
-2.112 	 1.9148416290875432E-4 	 0.0011745102283524328 	 1.9148416290875432E-4 	 0.0011745102283524328 	 5.899443631072617E-4 	 0.04144353026043948 	 5.899443631072617E-4 	 0.04144353026043948 	 
-2.088 	 2.0783244386419927E-4 	 0.001299052023050438 	 2.0783244386419927E-4 	 0.001299052023050438 	 6.528961439334569E-4 	 0.0440609793284495 	 6.528961439334569E-4 	 0.0440609793284495 	 
-2.064 	 2.389595521897906E-4 	 0.0014284862298305692 	 2.389595521897906E-4 	 0.0014284862298305692 	 7.244120249724792E-4 	 0.04730883834365903 	 7.244120249724792E-4 	 0.04730883834365903 	 
-2.04 	 2.5796993017842553E-4 	 0.001531436647902453 	 2.5796993017842553E-4 	 0.001531436647902453 	 7.782683983623485E-4 	 0.04966529470020185 	 7.782683983623485E-4 	 0.04966529470020185 	 
-2.016 	 3.9570804106502826E-4 	 0.0017492233139656 	 3.9570804106502826E-4 	 0.0017492233139656 	 9.488292121612806E-4 	 0.052732694303867116 	 9.488292121612806E-4 	 0.052732694303867116 	 
-1.992 	 2.35376241888845E-4 	 0.0015702793914123177 	 2.35376241888845E-4 	 0.0015702793914123177 	 7.826085877143299E-4 	 0.049516268071883286 	 7.826085877143299E-4 	 0.049516268071883286 	 
-1.968 	 2.4933462901967964E-4 	 0.001600781930076751 	 2.4933462901967964E-4 	 0.001600781930076751 	 8.026084748279328E-4 	 0.04973077055214486 	 8.026084748279328E-4 	 0.04973077055214486 	 
-1.944 	 2.6415563191587365E-4 	 0.001633450991120895 	 2.6415563191587365E-4 	 0.001633450991120895 	 8.256581876840064E-4 	 0.049229308921840284 	 8.256581876840064E-4 	 0.049229308921840284 	 
-1.92 	 2.5911874739846383E-4 	 0.0015908558399508868 	 2.5911874739846383E-4 	 0.0015908558399508868 	 8.061215056486892E-4 	 0.0466413682263102 	 8.061215056486892E-4 	 0.0466413682263102 	 
-1.896 	 3.76802308502675E-4 	 0.0016220866314662448 	 3.76802308502675E-4 	 0.0016220866314662448 	 8.882748803667701E-4 	 0.04272617763279957 	 8.882748803667701E-4 	 0.04272617763279957 	 
-1.8719999999999999 	 2.1253760605224146E-4 	 0.0013636969700114836 	 2.1253760605224146E-4 	 0.0013636969700114836 	 6.859481635611488E-4 	 0.037443670918045145 	 6.859481635611488E-4 	 0.037443670918045145 	 
-1.8479999999999999 	 2.127544244052791E-4 	 0.0012922246063740352 	 2.127544244052791E-4 	 0.0012922246063740352 	 6.561176647505449E-4 	 0.03433733417212091 	 6.561176647505449E-4 	 0.03433733417212091 	 
-1.824 	 2.1372083255505773E-4 	 0.001112858271312906 	 2.1372083255505773E-4 	 0.001112858271312906 	 5.844760031004894E-4 	 0.025783533922840288 	 5.844760031004894E-4 	 0.025783533922840288 	 
-1.8 	 3.3449225987818547E-4 	 0.0011596090792425028 	 3.3449225987818547E-4 	 0.0011596090792425028 	 6.736333858492481E-4 	 0.023905194058500955 	 6.736333858492481E-4 	 0.023905194058500955 	 
-1.776 	 3.0370097312964166E-4 	 0.0010746433007909901 	 3.0370097312964166E-4 	 0.0010746433007909901 	 6.202813083890791E-4 	 0.021396288632835003 	 6.202813083890791E-4 	 0.021396288632835003 	 
-1.752 	 1.6902052548880853E-4 	 8.410456328948422E-4 	 1.6902052548880853E-4 	 8.410456328948422E-4 	 4.4516470157742003E-4 	 0.016796597863110437 	 4.4516470157742003E-4 	 0.016796597863110437 	 
-1.728 	 2.101956735723897E-4 	 8.138698224264585E-4 	 2.101956735723897E-4 	 8.138698224264585E-4 	 4.581182458369853E-4 	 0.014016340036882742 	 4.581182458369853E-4 	 0.014016340036882742 	 
-1.704 	 4.6422339135102737E-4 	 9.713696574075858E-4 	 4.6422339135102737E-4 	 9.713696574075858E-4 	 6.723673864133513E-4 	 0.01157055007320868 	 6.723673864133513E-4 	 0.01157055007320868 	 
-1.68 	 3.990827583469774E-4 	 8.813044520928795E-4 	 3.990827583469774E-4 	 8.813044520928795E-4 	 5.966702277256309E-4 	 0.010612353593077418 	 5.966702277256309E-4 	 0.010612353593077418 	 
-1.656 	 1.611835987351725E-4 	 6.498807703153772E-4 	 1.611835987351725E-4 	 6.498807703153772E-4 	 3.609222229160092E-4 	 0.010136269558691431 	 3.609222229160092E-4 	 0.010136269558691431 	 
-1.632 	 3.0712026192068135E-4 	 7.367381488621613E-4 	 3.0712026192068135E-4 	 7.367381488621613E-4 	 4.8289309012480814E-4 	 0.008443097802944518 	 4.8289309012480814E-4 	 0.008443097802944518 	 
-1.6079999999999999 	 2.8829171628188383E-4 	 7.126974643357701E-4 	 2.8829171628188383E-4 	 7.126974643357701E-4 	 4.6191780033784564E-4 	 0.008007016498663356 	 4.6191780033784564E-4 	 0.008007016498663356 	 
-1.584 	 4.061563843164776E-4 	 7.923516070373767E-4 	 4.061563843164776E-4 	 7.923516070373767E-4 	 5.641854169649418E-4 	 0.007314941855577464 	 5.641854169649418E-4 	 0.007314941855577464 	 
-1.56 	 1.3166226152458397E-4 	 5.088766939035E-4 	 1.3166226152458397E-4 	 5.088766939035E-4 	 2.861625051812284E-4 	 0.005849061419110128 	 2.861625051812284E-4 	 0.005849061419110128 	 
-1.536 	 2.700430412757637E-4 	 6.215483022295697E-4 	 2.700430412757637E-4 	 6.215483022295697E-4 	 4.141072330105712E-4 	 0.005110395124464363 	 4.141072330105712E-4 	 0.005110395124464363 	 
-1.512 	 2.6851108985708806E-4 	 6.011142545668315E-4 	 2.6851108985708806E-4 	 6.011142545668315E-4 	 4.0476210478425443E-4 	 0.0045123219376027686 	 4.0476210478425443E-4 	 0.0045123219376027686 	 
-1.488 	 1.5158973258565491E-4 	 4.8532552160859724E-4 	 1.5158973258565491E-4 	 4.8532552160859724E-4 	 2.8811184450751483E-4 	 0.004587276952204047 	 2.8811184450751483E-4 	 0.004587276952204047 	 
-1.464 	 4.1187032138675835E-4 	 7.126888543894795E-4 	 4.1187032138675835E-4 	 7.126888543894795E-4 	 5.351594014191496E-4 	 0.003929446614864425 	 5.351594014191496E-4 	 0.003929446614864425 	 
-1.44 	 1.4989924728842172E-4 	 4.625273537614451E-4 	 1.4989924728842172E-4 	 4.625273537614451E-4 	 2.7813889474857746E-4 	 0.003412572256435614 	 2.7813889474857746E-4 	 0.003412572256435614 	 
-1.416 	 3.131025853137002E-4 	 5.890963575437547E-4 	 3.131025853137002E-4 	 5.890963575437547E-4 	 4.2649258957995245E-4 	 0.0028179379256977667 	 4.2649258957995245E-4 	 0.0028179379256977667 	 
-1.392 	 4.4820490347332513E-4 	 7.1080901586357E-4 	 4.4820490347332513E-4 	 7.1080901586357E-4 	 5.560885517542605E-4 	 0.0025780874785948467 	 5.560885517542605E-4 	 0.0025780874785948467 	 
-1.3679999999999999 	 4.0831176341340504E-4 	 6.641831609412102E-4 	 4.0831176341340504E-4 	 6.641831609412102E-4 	 5.133716299759234E-4 	 0.002445796764827084 	 5.133716299759234E-4 	 0.002445796764827084 	 
-1.3439999999999999 	 3.7496163607820485E-4 	 6.285591396595675E-4 	 3.7496163607820485E-4 	 6.285591396595675E-4 	 4.7892114187259775E-4 	 0.00268137140016902 	 4.7892114187259775E-4 	 0.00268137140016902 	 
-1.32 	 1.1291920832467212E-4 	 3.8894975534666643E-4 	 1.1291920832467212E-4 	 3.8894975534666643E-4 	 2.2623640716062726E-4 	 0.0022182033879468723 	 2.2623640716062726E-4 	 0.0022182033879468723 	 
-1.296 	 2.485392790182924E-4 	 5.224745883066933E-4 	 2.485392790182924E-4 	 5.224745883066933E-4 	 3.609580529911127E-4 	 0.002252782328082492 	 3.609580529911127E-4 	 0.002252782328082492 	 
-1.272 	 2.2818674795681748E-4 	 4.8308054486464184E-4 	 2.2818674795681748E-4 	 4.8308054486464184E-4 	 3.3285580756017033E-4 	 0.001979539159840008 	 3.3285580756017033E-4 	 0.001979539159840008 	 
-1.248 	 1.0196337873549379E-4 	 3.580042380982257E-4 	 1.0196337873549379E-4 	 3.580042380982257E-4 	 2.071365255689721E-4 	 0.0017848601960516895 	 2.071365255689721E-4 	 0.0017848601960516895 	 
-1.224 	 2.5446464121174953E-4 	 5.220553423244621E-4 	 2.5446464121174953E-4 	 5.220553423244621E-4 	 3.6440970538936573E-4 	 0.0017466821302383978 	 3.6440970538936573E-4 	 0.0017466821302383978 	 
-1.2 	 2.2907022463785877E-4 	 4.8121214250254266E-4 	 2.2907022463785877E-4 	 4.8121214250254266E-4 	 3.326105066088925E-4 	 0.0017129982435838825 	 3.326105066088925E-4 	 0.0017129982435838825 	 
-1.176 	 1.9732003141924623E-4 	 4.302994331101437E-4 	 1.9732003141924623E-4 	 4.302994331101437E-4 	 2.9306139515578234E-4 	 0.0014840449887949501 	 2.9306139515578234E-4 	 0.0014840449887949501 	 
-1.152 	 7.76400760071655E-5 	 3.48892435498149E-4 	 7.76400760071655E-5 	 3.48892435498149E-4 	 1.892360776863471E-4 	 0.0013376080412221248 	 1.892360776863471E-4 	 0.0013376080412221248 	 
-1.128 	 8.874517509009297E-5 	 3.629189184335423E-4 	 8.874517509009297E-5 	 3.629189184335423E-4 	 2.0143589949758473E-4 	 0.0014940429232910449 	 2.0143589949758473E-4 	 0.0014940429232910449 	 
-1.1039999999999999 	 1.983544523403122E-4 	 4.3727571394064227E-4 	 1.983544523403122E-4 	 4.3727571394064227E-4 	 2.966836346495242E-4 	 0.0013607165537050162 	 2.966836346495242E-4 	 0.0013607165537050162 	 
-1.08 	 6.10986432167455E-5 	 3.1891922497025475E-4 	 6.10986432167455E-5 	 3.1891922497025475E-4 	 1.6724012982359808E-4 	 0.001281243339927143 	 1.6724012982359808E-4 	 0.001281243339927143 	 
-1.056 	 7.280331926364525E-5 	 3.6000140911825304E-4 	 7.280331926364525E-5 	 3.6000140911825304E-4 	 1.9107539944473664E-4 	 0.0013788163464190813 	 1.9107539944473664E-4 	 0.0013788163464190813 	 
-1.032 	 7.309495498308438E-5 	 3.3913041856506904E-4 	 7.309495498308438E-5 	 3.3913041856506904E-4 	 1.8266498040850023E-4 	 0.0013162698501786672 	 1.8266498040850023E-4 	 0.0013162698501786672 	 
-1.008 	 7.018799206452893E-5 	 3.302352084626381E-4 	 7.018799206452893E-5 	 3.302352084626381E-4 	 1.7740601106393171E-4 	 0.001129349219332162 	 1.7740601106393171E-4 	 0.001129349219332162 	 
-0.984 	 8.032065328004858E-5 	 3.6165403975125187E-4 	 8.032065328004858E-5 	 3.6165403975125187E-4 	 1.9630179035641117E-4 	 0.0012424832743252862 	 1.9630179035641117E-4 	 0.0012424832743252862 	 
-0.96 	 9.074525475717739E-5 	 3.779880398092236E-4 	 9.074525475717739E-5 	 3.779880398092236E-4 	 2.0916482736375042E-4 	 0.001163037002005054 	 2.0916482736375042E-4 	 0.001163037002005054 	 
-0.9359999999999999 	 8.25331164988351E-5 	 3.4465589802505886E-4 	 8.25331164988351E-5 	 3.4465589802505886E-4 	 1.9066000654735022E-4 	 9.78034434445186E-4 	 1.9066000654735022E-4 	 9.78034434445186E-4 	 
-0.9119999999999999 	 9.182271921494838E-5 	 3.598359925849677E-4 	 9.182271921494838E-5 	 3.598359925849677E-4 	 2.0237430992060964E-4 	 0.0010036008313191415 	 2.0237430992060964E-4 	 0.0010036008313191415 	 
-0.8879999999999999 	 1.1253372400745429E-4 	 4.1752475055597236E-4 	 1.1253372400745429E-4 	 4.1752475055597236E-4 	 2.3833924300567332E-4 	 0.0010699949029258117 	 2.3833924300567332E-4 	 0.0010699949029258117 	 
-0.8639999999999999 	 1.0340606458259225E-4 	 3.819471345832828E-4 	 1.0340606458259225E-4 	 3.819471345832828E-4 	 2.1831648838322435E-4 	 9.080795215738214E-4 	 2.1831648838322435E-4 	 9.080795215738214E-4 	 
-0.8399999999999999 	 1.1714089632300938E-4 	 3.899083510791296E-4 	 1.1714089632300938E-4 	 3.899083510791296E-4 	 2.296248603914447E-4 	 9.233069775727136E-4 	 2.296248603914447E-4 	 9.233069775727136E-4 	 
-0.8159999999999998 	 1.492181542584015E-4 	 4.454244240504263E-4 	 1.492181542584015E-4 	 4.454244240504263E-4 	 2.7141520724117285E-4 	 9.612914028065138E-4 	 2.7141520724117285E-4 	 9.612914028065138E-4 	 
-0.7919999999999998 	 2.8120120967608354E-4 	 5.763386462738076E-4 	 2.8120120967608354E-4 	 5.763386462738076E-4 	 4.0296200970237235E-4 	 9.588022414289335E-4 	 4.0296200970237235E-4 	 9.588022414289335E-4 	 
-0.7679999999999998 	 2.4479618736452866E-4 	 5.122396070672633E-4 	 2.4479618736452866E-4 	 5.122396070672633E-4 	 3.5505095984241246E-4 	 9.239279442185773E-4 	 3.5505095984241246E-4 	 9.239279442185773E-4 	 
-0.7439999999999998 	 1.0685826594735372E-4 	 3.899982792265131E-4 	 1.0685826594735372E-4 	 3.899982792265131E-4 	 2.2353417716108453E-4 	 8.231240255533234E-4 	 2.2353417716108453E-4 	 8.231240255533234E-4 	 
-0.7199999999999998 	 1.259655915758194E-4 	 4.444823970366211E-4 	 1.259655915758194E-4 	 4.444823970366211E-4 	 2.5710160041457925E-4 	 9.019922616567417E-4 	 2.5710160041457925E-4 	 9.019922616567417E-4 	 
-0.6959999999999997 	 1.2843036681456973E-4 	 4.3909316878156776E-4 	 1.2843036681456973E-4 	 4.3909316878156776E-4 	 2.560645973025465E-4 	 9.892508660002562E-4 	 2.560645973025465E-4 	 9.892508660002562E-4 	 
-0.6720000000000002 	 1.2572137338910308E-4 	 4.2409195164904806E-4 	 1.2572137338910308E-4 	 4.2409195164904806E-4 	 2.4838722178713573E-4 	 7.947688264938095E-4 	 2.4838722178713573E-4 	 7.947688264938095E-4 	 
-0.6480000000000001 	 1.335910227167521E-4 	 4.4559477653702056E-4 	 1.335910227167521E-4 	 4.4559477653702056E-4 	 2.618179237605312E-4 	 7.871641611500231E-4 	 2.618179237605312E-4 	 7.871641611500231E-4 	 
-0.6240000000000001 	 1.5753915629348992E-4 	 5.064922249821531E-4 	 1.5753915629348992E-4 	 5.064922249821531E-4 	 3.007074256129336E-4 	 8.322284899587481E-4 	 3.007074256129336E-4 	 8.322284899587481E-4 	 
-0.6000000000000001 	 1.4742411874215118E-4 	 4.668403000350553E-4 	 1.4742411874215118E-4 	 4.668403000350553E-4 	 2.7840676737847194E-4 	 7.178639385602275E-4 	 2.7840676737847194E-4 	 7.178639385602275E-4 	 
-0.5760000000000001 	 1.5160116938066313E-4 	 4.7061204458890546E-4 	 1.5160116938066313E-4 	 4.7061204458890546E-4 	 2.822561399077613E-4 	 7.450537200050571E-4 	 2.822561399077613E-4 	 7.450537200050571E-4 	 
-0.552 	 1.8102896717580552E-4 	 5.457677686940394E-4 	 1.8102896717580552E-4 	 5.457677686940394E-4 	 3.302881388943207E-4 	 7.598952228889635E-4 	 3.302881388943207E-4 	 7.598952228889635E-4 	 
-0.528 	 1.8948096129199076E-4 	 5.571760797521438E-4 	 1.8948096129199076E-4 	 5.571760797521438E-4 	 3.397462683380224E-4 	 7.402057995288581E-4 	 3.397462683380224E-4 	 7.402057995288581E-4 	 
-0.504 	 1.887626624192598E-4 	 5.427543378694199E-4 	 1.887626624192598E-4 	 5.427543378694199E-4 	 3.3331142066652124E-4 	 6.717569467762618E-4 	 3.3331142066652124E-4 	 6.717569467762618E-4 	 
-0.48 	 2.0571505383660334E-4 	 5.765004435828946E-4 	 2.0571505383660334E-4 	 5.765004435828946E-4 	 3.56912426757666E-4 	 7.079433550242968E-4 	 3.56912426757666E-4 	 7.079433550242968E-4 	 
-0.45599999999999996 	 2.4385039632861678E-4 	 6.63737519989117E-4 	 2.4385039632861678E-4 	 6.63737519989117E-4 	 4.147535993271473E-4 	 8.644572414610169E-4 	 4.147535993271473E-4 	 8.644572414610169E-4 	 
-0.43199999999999994 	 2.4374826038718063E-4 	 6.425309648868124E-4 	 2.4374826038718063E-4 	 6.425309648868124E-4 	 4.059075603116137E-4 	 6.906766749589193E-4 	 4.059075603116137E-4 	 6.906766749589193E-4 	 
-0.4079999999999999 	 2.579858601341224E-4 	 6.640146810953106E-4 	 2.579858601341224E-4 	 6.640146810953106E-4 	 4.228926513838578E-4 	 7.573514666774877E-4 	 4.228926513838578E-4 	 7.573514666774877E-4 	 
-0.3839999999999999 	 3.1722144823763745E-4 	 7.88309029724525E-4 	 3.1722144823763745E-4 	 7.88309029724525E-4 	 5.083329957878455E-4 	 7.630739999179675E-4 	 5.083329957878455E-4 	 7.630739999179675E-4 	 
-0.3599999999999999 	 3.2505358887633014E-4 	 7.905057277852594E-4 	 3.2505358887633014E-4 	 7.905057277852594E-4 	 5.137329057468874E-4 	 7.197821944107288E-4 	 5.137329057468874E-4 	 7.197821944107288E-4 	 
-0.33599999999999985 	 3.2102380396441835E-4 	 7.559720425676034E-4 	 3.2102380396441835E-4 	 7.559720425676034E-4 	 4.971633113875832E-4 	 6.27941761847919E-4 	 4.971633113875832E-4 	 6.27941761847919E-4 	 
-0.31199999999999983 	 3.9035031824901175E-4 	 8.795886726817495E-4 	 3.9035031824901175E-4 	 8.795886726817495E-4 	 5.882052546191941E-4 	 6.758476467654536E-4 	 5.882052546191941E-4 	 6.758476467654536E-4 	 
-0.2879999999999998 	 4.352267069510846E-4 	 9.63409196873984E-4 	 4.352267069510846E-4 	 9.63409196873984E-4 	 6.489108059333184E-4 	 7.378089105237105E-4 	 6.489108059333184E-4 	 7.378089105237105E-4 	 
-0.2639999999999998 	 4.4134286704356466E-4 	 9.366906566386329E-4 	 4.4134286704356466E-4 	 9.366906566386329E-4 	 6.415395826633964E-4 	 6.339633992003693E-4 	 6.415395826633964E-4 	 6.339633992003693E-4 	 
-0.23999999999999977 	 4.951028664981671E-4 	 0.0010121025152418906 	 4.951028664981671E-4 	 0.0010121025152418906 	 7.038217886309746E-4 	 6.697386101690499E-4 	 7.038217886309746E-4 	 6.697386101690499E-4 	 
-0.21599999999999975 	 5.978038264690988E-4 	 0.0011774898567311442 	 5.978038264690988E-4 	 0.0011774898567311442 	 8.314937784179136E-4 	 7.030856196292095E-4 	 8.314937784179136E-4 	 7.030856196292095E-4 	 
-0.19199999999999973 	 6.356053345768221E-4 	 0.0012082248557963467 	 6.356053345768221E-4 	 0.0012082248557963467 	 8.664240914954905E-4 	 6.579349014506296E-4 	 8.664240914954905E-4 	 6.579349014506296E-4 	 
-0.16800000000000015 	 6.598741213126421E-4 	 0.00121754417885864 	 6.598741213126421E-4 	 0.00121754417885864 	 8.846076587684446E-4 	 6.435950420623178E-4 	 8.846076587684446E-4 	 6.435950420623178E-4 	 
-0.14400000000000013 	 8.133858966132854E-4 	 0.0014533072346169086 	 8.133858966132854E-4 	 0.0014533072346169086 	 0.0010710404920495594 	 7.196139221373901E-4 	 0.0010710404920495594 	 7.196139221373901E-4 	 
-0.1200000000000001 	 9.272173104363712E-4 	 0.001596236565763142 	 9.272173104363712E-4 	 0.001596236565763142 	 0.0011965014166373505 	 7.152324402318338E-4 	 0.0011965014166373505 	 7.152324402318338E-4 	 
-0.09600000000000009 	 9.781857005541198E-4 	 0.001619546725227874 	 9.781857005541198E-4 	 0.001619546725227874 	 0.001236017986980674 	 6.317834414494876E-4 	 0.001236017986980674 	 6.317834414494876E-4 	 
-0.07200000000000006 	 0.001108765868542675 	 0.0018007396873235264 	 0.001108765868542675 	 0.0018007396873235264 	 0.001387230704121027 	 6.369069656821544E-4 	 0.001387230704121027 	 6.369069656821544E-4 	 
-0.04800000000000004 	 0.0012807738087149353 	 0.002019471287260846 	 0.0012807738087149353 	 0.002019471287260846 	 0.0015780363087462721 	 6.820214298273304E-4 	 0.0015780363087462721 	 6.820214298273304E-4 	 
-0.02400000000000002 	 0.001466379991143162 	 0.0022245436122034397 	 0.001466379991143162 	 0.0022245436122034397 	 0.0017715848018684654 	 6.722253409479166E-4 	 0.0017715848018684654 	 6.722253409479166E-4 	 
0.0 	 0.0016991412263936364 	 0.002455372953348143 	 0.0016991412263936364 	 0.002455372953348143 	 0.0020032833120101606 	 6.69929647106471E-4 	 0.0020032833120101606 	 6.69929647106471E-4 	 
0.02400000000000002 	 0.0017159398156414139 	 0.0025072237222654717 	 0.0017159398156414139 	 0.0025072237222654717 	 0.002034030194523466 	 6.898823144721818E-4 	 0.002034030194523466 	 6.898823144721818E-4 	 
0.04800000000000004 	 0.002081581714101747 	 0.0029283870433949644 	 0.002081581714101747 	 0.0029283870433949644 	 0.002421852295250992 	 6.899683860039311E-4 	 0.002421852295250992 	 6.899683860039311E-4 	 
0.07200000000000006 	 0.0023828024531560243 	 0.0032135860836637964 	 0.0023828024531560243 	 0.0032135860836637964 	 0.002716400013958838 	 7.07826461681802E-4 	 0.002716400013958838 	 7.07826461681802E-4 	 
0.09600000000000009 	 0.002576201906225779 	 0.0034352622705577534 	 0.002576201906225779 	 0.0034352622705577534 	 0.0029215951336491967 	 6.926824048341737E-4 	 0.0029215951336491967 	 6.926824048341737E-4 	 
0.1200000000000001 	 0.002902999022898692 	 0.0038382904849811957 	 0.002902999022898692 	 0.0038382904849811957 	 0.003278865154384005 	 7.325947057887697E-4 	 0.003278865154384005 	 7.325947057887697E-4 	 
0.14400000000000013 	 0.0033800815358143504 	 0.004336517096854112 	 0.0033800815358143504 	 0.004336517096854112 	 0.003764315497498202 	 7.421808393448342E-4 	 0.003764315497498202 	 7.421808393448342E-4 	 
0.16800000000000015 	 0.003928813419817393 	 0.0049152691807478974 	 0.003928813419817393 	 0.0049152691807478974 	 0.004324691685506113 	 7.612376514435516E-4 	 0.004324691685506113 	 7.612376514435516E-4 	 
0.19200000000000017 	 0.004783829557204332 	 0.005752161364560906 	 0.004783829557204332 	 0.005752161364560906 	 0.005172626861830645 	 7.640124177387559E-4 	 0.005172626861830645 	 7.640124177387559E-4 	 
0.2160000000000002 	 0.005817909869325312 	 0.006817997863279687 	 0.005817909869325312 	 0.006817997863279687 	 0.006220125113652664 	 8.081041016227032E-4 	 0.006220125113652664 	 8.081041016227032E-4 	 
0.2400000000000002 	 0.00737183634473428 	 0.008336645337657283 	 0.00737183634473428 	 0.008336645337657283 	 0.0077593878365663504 	 8.762630805697255E-4 	 0.0077593878365663504 	 8.762630805697255E-4 	 
0.26400000000000023 	 0.00879639579533373 	 0.00967079986500765 	 0.00879639579533373 	 0.00967079986500765 	 0.00914764914452361 	 8.709008417956609E-4 	 0.00914764914452361 	 8.709008417956609E-4 	 
0.28800000000000026 	 0.01166512509613544 	 0.012430546371400996 	 0.01166512509613544 	 0.012430546371400996 	 0.011972550338736706 	 9.652653262077116E-4 	 0.011972550338736706 	 9.652653262077116E-4 	 
0.3120000000000003 	 0.015425537473935996 	 0.015934706008439218 	 0.015425537473935996 	 0.015934706008439218 	 0.01562914658598096 	 0.0010649428615535869 	 0.01562914658598096 	 0.0010649428615535869 	 
0.33599999999999985 	 0.016631837121388285 	 0.0170578946747371 	 0.016631837121388285 	 0.0170578946747371 	 0.016802478857730313 	 0.0010740985706107825 	 0.016802478857730313 	 0.0010740985706107825 	 
0.3599999999999999 	 0.021683408646977688 	 0.021800541123785485 	 0.021683408646977688 	 0.021800541123785485 	 0.021729480094825355 	 0.0011955239310006613 	 0.021729480094825355 	 0.0011955239310006613 	 
0.3839999999999999 	 0.029034102228994784 	 0.028499956396057412 	 0.029034102228994784 	 0.028499956396057412 	 0.028816531785360432 	 0.001359197891109659 	 0.028816531785360432 	 0.001359197891109659 	 
0.4079999999999999 	 0.038497392716133116 	 0.03689033671527826 	 0.038497392716133116 	 0.03689033671527826 	 0.03784320878154514 	 0.001475763606487362 	 0.03784320878154514 	 0.001475763606487362 	 
0.43199999999999994 	 0.0413985917331028 	 0.03954061305713745 	 0.0413985917331028 	 0.03954061305713745 	 0.040642979117965605 	 0.0015582802149807474 	 0.040642979117965605 	 0.0015582802149807474 	 
0.45599999999999996 	 0.045667930847714165 	 0.04338908612318266 	 0.045667930847714165 	 0.04338908612318266 	 0.04474275784755727 	 0.0015844371774369212 	 0.04474275784755727 	 0.0015844371774369212 	 
0.48 	 0.056258131400034835 	 0.05271487078700396 	 0.056258131400034835 	 0.05271487078700396 	 0.05481819417212286 	 0.0017311401663443026 	 0.05481819417212286 	 0.0017311401663443026 	 
0.504 	 0.0581070551720944 	 0.054201030613771926 	 0.0581070551720944 	 0.054201030613771926 	 0.05651938103179206 	 0.001704763723198957 	 0.05651938103179206 	 0.001704763723198957 	 
0.528 	 0.05832799406493228 	 0.05427717416816339 	 0.05832799406493228 	 0.05427717416816339 	 0.05668211449807498 	 0.0016571448852197752 	 0.05668211449807498 	 0.0016571448852197752 	 
0.552 	 0.059523746911052895 	 0.05521390406261992 	 0.059523746911052895 	 0.05521390406261992 	 0.057772484799941085 	 0.0016418303211579181 	 0.057772484799941085 	 0.0016418303211579181 	 
0.5760000000000001 	 0.05984328199657233 	 0.055213873889285336 	 0.05984328199657233 	 0.055213873889285336 	 0.05796131003047392 	 0.0015632624514328698 	 0.05796131003047392 	 0.0015632624514328698 	 
0.6000000000000001 	 0.05451364495304347 	 0.05029666540312344 	 0.05451364495304347 	 0.05029666540312344 	 0.05279991139501789 	 0.001415119519965572 	 0.05279991139501789 	 0.001415119519965572 	 
0.6240000000000001 	 0.05277445769784014 	 0.04859795021593759 	 0.05277445769784014 	 0.04859795021593759 	 0.05107703054342241 	 0.0013426792008589732 	 0.05107703054342241 	 0.0013426792008589732 	 
0.6480000000000001 	 0.051918921985023854 	 0.047523839951918084 	 0.051918921985023854 	 0.047523839951918084 	 0.05013186449171918 	 0.0012438792863602851 	 0.05013186449171918 	 0.0012438792863602851 	 
0.6720000000000002 	 0.04624581514577123 	 0.0422619743326526 	 0.04624581514577123 	 0.0422619743326526 	 0.04462541785092366 	 0.0010910290440663407 	 0.04462541785092366 	 0.0010910290440663407 	 
0.6960000000000002 	 0.03854274519768953 	 0.0352312154711816 	 0.03854274519768953 	 0.0352312154711816 	 0.037195875377286754 	 9.117552156612361E-4 	 0.037195875377286754 	 9.117552156612361E-4 	 
0.7200000000000002 	 0.032457843356045714 	 0.02959339481354112 	 0.032457843356045714 	 0.02959339481354112 	 0.03129285870820729 	 7.637700261328331E-4 	 0.03129285870820729 	 7.637700261328331E-4 	 
0.7440000000000002 	 0.027512071607452004 	 0.02505836402943437 	 0.027512071607452004 	 0.02505836402943437 	 0.026513492025530765 	 6.318270921038142E-4 	 0.026513492025530765 	 6.318270921038142E-4 	 
0.7680000000000002 	 0.018954614696524996 	 0.017335231021134143 	 0.018954614696524996 	 0.017335231021134143 	 0.018296059967124294 	 4.498551069207158E-4 	 0.018296059967124294 	 4.498551069207158E-4 	 
0.7920000000000003 	 0.01748447451666122 	 0.01592722208214729 	 0.01748447451666122 	 0.01592722208214729 	 0.016850903761980132 	 4.009877185123073E-4 	 0.016850903761980132 	 4.009877185123073E-4 	 
0.8160000000000003 	 0.01402147056640505 	 0.012768392091187802 	 0.01402147056640505 	 0.012768392091187802 	 0.013511484142336504 	 3.2234849682217425E-4 	 0.013511484142336504 	 3.2234849682217425E-4 	 
0.8399999999999999 	 0.00919013536761816 	 0.008405224982651156 	 0.00919013536761816 	 0.008405224982651156 	 0.00887087788988921 	 2.2034778405136238E-4 	 0.00887087788988921 	 2.2034778405136238E-4 	 
0.8639999999999999 	 0.007645006960285603 	 0.006999220233505199 	 0.007645006960285603 	 0.006999220233505199 	 0.007382222189045981 	 1.8607367658010437E-4 	 0.007382222189045981 	 1.8607367658010437E-4 	 
0.8879999999999999 	 0.0056145012409286104 	 0.0051803820864726345 	 0.0056145012409286104 	 0.0051803820864726345 	 0.005438026874391263 	 1.463158826489983E-4 	 0.005438026874391263 	 1.463158826489983E-4 	 
0.9119999999999999 	 0.005550080154862608 	 0.0050824277919121605 	 0.005550080154862608 	 0.0050824277919121605 	 0.005359948580692671 	 1.3417858414955936E-4 	 0.005359948580692671 	 1.3417858414955936E-4 	 
0.9359999999999999 	 0.004907173855163307 	 0.004493081742476209 	 0.004907173855163307 	 0.004493081742476209 	 0.00473868465269421 	 1.1928132155125565E-4 	 0.00473868465269421 	 1.1928132155125565E-4 	 
0.96 	 0.0037170697857706494 	 0.003416917639349039 	 0.0037170697857706494 	 0.003416917639349039 	 0.003595107584374213 	 9.24697854543746E-5 	 0.003595107584374213 	 9.24697854543746E-5 	 
0.984 	 0.003925025533258083 	 0.003585922862796927 	 0.003925025533258083 	 0.003585922862796927 	 0.003787071633637575 	 9.301920520245965E-5 	 0.003787071633637575 	 9.301920520245965E-5 	 
1.008 	 0.0034453667691237196 	 0.003132269004503968 	 0.0034453667691237196 	 0.003132269004503968 	 0.003317882410393884 	 7.826979901045401E-5 	 0.003317882410393884 	 7.826979901045401E-5 	 
1.032 	 0.0018354657540930997 	 0.0016899210472639085 	 0.0018354657540930997 	 0.0016899210472639085 	 0.0017763068049986407 	 4.667228592280183E-5 	 0.0017763068049986407 	 4.667228592280183E-5 	 
1.056 	 0.0019098447387647412 	 0.0017533307365524596 	 0.0019098447387647412 	 0.0017533307365524596 	 0.0018461827186881184 	 4.77926778749056E-5 	 0.0018461827186881184 	 4.77926778749056E-5 	 
1.08 	 0.0013509760678458256 	 0.001249485920063015 	 0.0013509760678458256 	 0.001249485920063015 	 0.0013097714582861277 	 3.56517325146248E-5 	 0.0013097714582861277 	 3.56517325146248E-5 	 
1.104 	 0.0017600163288135908 	 0.0015988255225549669 	 0.0017600163288135908 	 0.0015988255225549669 	 0.001694402136747292 	 3.910656525433349E-5 	 0.001694402136747292 	 3.910656525433349E-5 	 
1.1280000000000001 	 0.001175358524391262 	 0.0010792835360776735 	 0.001175358524391262 	 0.0010792835360776735 	 0.0011362879379271335 	 2.922730041313332E-5 	 0.0011362879379271335 	 2.922730041313332E-5 	 
1.1520000000000001 	 0.0010720473047046535 	 9.780653523717758E-4 	 0.0010720473047046535 	 9.780653523717758E-4 	 0.0010338127143993776 	 2.5159259498003317E-5 	 0.0010338127143993776 	 2.5159259498003317E-5 	 
1.1760000000000002 	 7.28624236811472E-4 	 6.663655491708685E-4 	 7.28624236811472E-4 	 6.663655491708685E-4 	 7.032803723785813E-4 	 1.7557167183885315E-5 	 7.032803723785813E-4 	 1.7557167183885315E-5 	 
1.2000000000000002 	 4.811477610185492E-4 	 4.488259777899426E-4 	 4.811477610185492E-4 	 4.488259777899426E-4 	 4.6802309330145665E-4 	 1.3724599418419988E-5 	 4.6802309330145665E-4 	 1.3724599418419988E-5 	 
1.2240000000000002 	 5.077925668806875E-4 	 4.720309002525287E-4 	 5.077925668806875E-4 	 4.720309002525287E-4 	 4.933042400507887E-4 	 1.3704686701176575E-5 	 4.933042400507887E-4 	 1.3704686701176575E-5 	 
1.2480000000000002 	 8.299872711619159E-4 	 7.510533574241888E-4 	 8.299872711619159E-4 	 7.510533574241888E-4 	 7.978423930303998E-4 	 1.793399365311129E-5 	 7.978423930303998E-4 	 1.793399365311129E-5 	 
1.2720000000000002 	 3.981461382007563E-4 	 3.6455007056630963E-4 	 3.981461382007563E-4 	 3.6455007056630963E-4 	 3.844765207662527E-4 	 9.480393047514995E-6 	 3.844765207662527E-4 	 9.480393047514995E-6 	 
1.2960000000000003 	 3.9487176134928975E-4 	 3.621961581808742E-4 	 3.9487176134928975E-4 	 3.621961581808742E-4 	 3.81592679995663E-4 	 9.592455690777E-6 	 3.81592679995663E-4 	 9.592455690777E-6 	 
1.3200000000000003 	 3.5776529662823273E-4 	 3.253857500645262E-4 	 3.5776529662823273E-4 	 3.253857500645262E-4 	 3.445934288419684E-4 	 8.080273466481045E-6 	 3.445934288419684E-4 	 8.080273466481045E-6 	 
1.3440000000000003 	 3.100666345829401E-4 	 2.789431205189765E-4 	 3.100666345829401E-4 	 2.789431205189765E-4 	 2.973812184842791E-4 	 6.281637898654208E-6 	 2.973812184842791E-4 	 6.281637898654208E-6 	 
1.3680000000000003 	 5.96515636318586E-5 	 5.9099254072211415E-5 	 5.96515636318586E-5 	 5.9099254072211415E-5 	 5.944629229768131E-5 	 2.4953541791178555E-6 	 5.944629229768131E-5 	 2.4953541791178555E-6 	 
1.3920000000000003 	 1.8702847891223195E-4 	 1.7126549922576504E-4 	 1.8702847891223195E-4 	 1.7126549922576504E-4 	 1.806179263595722E-4 	 4.500273073192077E-6 	 1.806179263595722E-4 	 4.500273073192077E-6 	 
1.4160000000000004 	 1.517909136039699E-4 	 1.3646127446232805E-4 	 1.517909136039699E-4 	 1.3646127446232805E-4 	 1.4555004859101835E-4 	 3.0402094756613175E-6 	 1.4555004859101835E-4 	 3.0402094756613175E-6 	 
1.4400000000000004 	 3.4854488549763174E-5 	 3.5159734745052065E-5 	 3.4854488549763174E-5 	 3.5159734745052065E-5 	 3.498312826266264E-5 	 1.6604681956387104E-6 	 3.498312826266264E-5 	 1.6604681956387104E-6 	 
1.4640000000000004 	 5.1757618384243245E-5 	 5.016457902313798E-5 	 5.1757618384243245E-5 	 5.016457902313798E-5 	 5.1132560412862876E-5 	 1.795224219477598E-6 	 5.1132560412862876E-5 	 1.795224219477598E-6 	 
1.4880000000000004 	 1.7336127605318934E-4 	 1.563708842887681E-4 	 1.7336127605318934E-4 	 1.563708842887681E-4 	 1.6645000455716645E-4 	 3.4970678609225208E-6 	 1.6645000455716645E-4 	 3.4970678609225208E-6 	 
1.5120000000000005 	 1.5940985011928823E-4 	 1.4348880788821357E-4 	 1.5940985011928823E-4 	 1.4348880788821357E-4 	 1.5292219510738565E-4 	 3.1996584411336935E-6 	 1.5292219510738565E-4 	 3.1996584411336935E-6 	 
1.5360000000000005 	 2.709743627162265E-5 	 2.5654778102623327E-5 	 2.709743627162265E-5 	 2.5654778102623327E-5 	 2.6522889872275864E-5 	 7.565750459088118E-7 	 2.6522889872275864E-5 	 7.565750459088118E-7 	 
1.5600000000000005 	 1.4027674182907088E-4 	 1.247241752438822E-4 	 1.4027674182907088E-4 	 1.247241752438822E-4 	 1.3393545847292638E-4 	 2.4607259282125155E-6 	 1.3393545847292638E-4 	 2.4607259282125155E-6 	 
1.5840000000000005 	 0.0 	 0.0 	 0.0 	 0.0 	 0.0 	 0.0 	 0.0 	 0.0 	 
1.6080000000000005 	 0.0 	 0.0 	 0.0 	 0.0 	 0.0 	 0.0 	 0.0 	 0.0 	 
1.6319999999999997 	 0.0 	 0.0 	 0.0 	 0.0 	 0.0 	 0.0 	 0.0 	 0.0 	 
1.6559999999999997 	 0.0 	 0.0 	 0.0 	 0.0 	 0.0 	 0.0 	 0.0 	 0.0 	 
1.6799999999999997 	 0.0 	 0.0 	 0.0 	 0.0 	 0.0 	 0.0 	 0.0 	 0.0 	 
1.7039999999999997 	 0.0 	 0.0 	 0.0 	 0.0 	 0.0 	 0.0 	 0.0 	 0.0 	 
1.7279999999999998 	 0.0 	 0.0 	 0.0 	 0.0 	 0.0 	 0.0 	 0.0 	 0.0 	 
1.7519999999999998 	 0.0 	 0.0 	 0.0 	 0.0 	 0.0 	 0.0 	 0.0 	 0.0 	 
1.7759999999999998 	 0.0 	 0.0 	 0.0 	 0.0 	 0.0 	 0.0 	 0.0 	 0.0 	 
1.7999999999999998 	 0.0 	 0.0 	 0.0 	 0.0 	 0.0 	 0.0 	 0.0 	 0.0 	 
1.8239999999999998 	 0.0 	 0.0 	 0.0 	 0.0 	 0.0 	 0.0 	 0.0 	 0.0 	 
1.8479999999999999 	 0.0 	 0.0 	 0.0 	 0.0 	 0.0 	 0.0 	 0.0 	 0.0 	 
1.8719999999999999 	 0.0 	 0.0 	 0.0 	 0.0 	 0.0 	 0.0 	 0.0 	 0.0 	 
1.896 	 0.0 	 0.0 	 0.0 	 0.0 	 0.0 	 0.0 	 0.0 	 0.0 	 
1.92 	 0.0 	 0.0 	 0.0 	 0.0 	 0.0 	 0.0 	 0.0 	 0.0 	 
1.944 	 0.0 	 0.0 	 0.0 	 0.0 	 0.0 	 0.0 	 0.0 	 0.0 	 
1.968 	 0.0 	 0.0 	 0.0 	 0.0 	 0.0 	 0.0 	 0.0 	 0.0 	 
1.992 	 0.0 	 0.0 	 0.0 	 0.0 	 0.0 	 0.0 	 0.0 	 0.0 	 
2.016 	 0.0 	 0.0 	 0.0 	 0.0 	 0.0 	 0.0 	 0.0 	 0.0 	 
2.04 	 0.0 	 0.0 	 0.0 	 0.0 	 0.0 	 0.0 	 0.0 	 0.0 	 
2.064 	 0.0 	 0.0 	 0.0 	 0.0 	 0.0 	 0.0 	 0.0 	 0.0 	 
2.088 	 0.0 	 0.0 	 0.0 	 0.0 	 0.0 	 0.0 	 0.0 	 0.0 	 
2.112 	 0.0 	 0.0 	 0.0 	 0.0 	 0.0 	 0.0 	 0.0 	 0.0 	 
2.136 	 0.0 	 0.0 	 0.0 	 0.0 	 0.0 	 0.0 	 0.0 	 0.0 	 
2.16 	 0.0 	 0.0 	 0.0 	 0.0 	 0.0 	 0.0 	 0.0 	 0.0 	 
2.184 	 0.0 	 0.0 	 0.0 	 0.0 	 0.0 	 0.0 	 0.0 	 0.0 	 
2.208 	 0.0 	 0.0 	 0.0 	 0.0 	 0.0 	 0.0 	 0.0 	 0.0 	 
2.232 	 0.0 	 0.0 	 0.0 	 0.0 	 0.0 	 0.0 	 0.0 	 0.0 	 
2.2560000000000002 	 0.0 	 0.0 	 0.0 	 0.0 	 0.0 	 0.0 	 0.0 	 0.0 	 
2.2800000000000002 	 0.0 	 0.0 	 0.0 	 0.0 	 0.0 	 0.0 	 0.0 	 0.0 	 
2.3040000000000003 	 0.0 	 0.0 	 0.0 	 0.0 	 0.0 	 0.0 	 0.0 	 0.0 	 
2.3280000000000003 	 0.0 	 0.0 	 0.0 	 0.0 	 0.0 	 0.0 	 0.0 	 0.0 	 
2.3520000000000003 	 0.0 	 0.0 	 0.0 	 0.0 	 0.0 	 0.0 	 0.0 	 0.0 	 
2.3760000000000003 	 0.0 	 0.0 	 0.0 	 0.0 	 0.0 	 0.0 	 0.0 	 0.0 	 
2.4000000000000004 	 0.0 	 0.0 	 0.0 	 0.0 	 0.0 	 0.0 	 0.0 	 0.0 	 
2.4240000000000004 	 0.0 	 0.0 	 0.0 	 0.0 	 0.0 	 0.0 	 0.0 	 0.0 	 
2.4480000000000004 	 0.0 	 0.0 	 0.0 	 0.0 	 0.0 	 0.0 	 0.0 	 0.0 	 
2.4720000000000004 	 0.0 	 0.0 	 0.0 	 0.0 	 0.0 	 0.0 	 0.0 	 0.0 	 
2.4960000000000004 	 0.0 	 0.0 	 0.0 	 0.0 	 0.0 	 0.0 	 0.0 	 0.0 	 
2.5200000000000005 	 0.0 	 0.0 	 0.0 	 0.0 	 0.0 	 0.0 	 0.0 	 0.0 	 
2.5440000000000005 	 0.0 	 0.0 	 0.0 	 0.0 	 0.0 	 0.0 	 0.0 	 0.0 	 
2.5680000000000005 	 0.0 	 0.0 	 0.0 	 0.0 	 0.0 	 0.0 	 0.0 	 0.0 	 
2.5920000000000005 	 0.0 	 0.0 	 0.0 	 0.0 	 0.0 	 0.0 	 0.0 	 0.0 	 
2.6160000000000005 	 0.0 	 0.0 	 0.0 	 0.0 	 0.0 	 0.0 	 0.0 	 0.0 	 
2.6399999999999997 	 0.0 	 0.0 	 0.0 	 0.0 	 0.0 	 0.0 	 0.0 	 0.0 	 
2.6639999999999997 	 0.0 	 0.0 	 0.0 	 0.0 	 0.0 	 0.0 	 0.0 	 0.0 	 
2.6879999999999997 	 0.0 	 0.0 	 0.0 	 0.0 	 0.0 	 0.0 	 0.0 	 0.0 	 
2.7119999999999997 	 0.0 	 0.0 	 0.0 	 0.0 	 0.0 	 0.0 	 0.0 	 0.0 	 
2.7359999999999998 	 0.0 	 0.0 	 0.0 	 0.0 	 0.0 	 0.0 	 0.0 	 0.0 	 
2.76 	 0.0 	 0.0 	 0.0 	 0.0 	 0.0 	 0.0 	 0.0 	 0.0 	 
2.784 	 0.0 	 0.0 	 0.0 	 0.0 	 0.0 	 0.0 	 0.0 	 0.0 	 
2.808 	 0.0 	 0.0 	 0.0 	 0.0 	 0.0 	 0.0 	 0.0 	 0.0 	 
2.832 	 0.0 	 0.0 	 0.0 	 0.0 	 0.0 	 0.0 	 0.0 	 0.0 	 
2.856 	 0.0 	 0.0 	 0.0 	 0.0 	 0.0 	 0.0 	 0.0 	 0.0 	 
2.88 	 0.0 	 0.0 	 0.0 	 0.0 	 0.0 	 0.0 	 0.0 	 0.0 	 
2.904 	 0.0 	 0.0 	 0.0 	 0.0 	 0.0 	 0.0 	 0.0 	 0.0 	 
2.928 	 0.0 	 0.0 	 0.0 	 0.0 	 0.0 	 0.0 	 0.0 	 0.0 	 
2.952 	 0.0 	 0.0 	 0.0 	 0.0 	 0.0 	 0.0 	 0.0 	 0.0 	 
2.976 	 0.0 	 0.0 	 0.0 	 0.0 	 0.0 	 0.0 	 0.0 	 0.0 	 
