-3.0 	 8.726084305043826E-4 	 8.248161065325195E-4 	 4.63129400259873E-6 	 8.1667732447255E-4 	 1.1064426927532798E-5 	 8.161713110591002E-4 	 1.145459393432717E-5 	 8.162232289995627E-4 	 
-2.976 	 0.0012053067751302592 	 0.0013515424914057935 	 1.1454391771151886E-5 	 0.0012634143612611699 	 1.855307502078192E-5 	 0.0012587844495782327 	 1.9092404353283745E-5 	 0.0012589692700973386 	 
-2.952 	 0.0014146501763002387 	 0.00160294672160207 	 5.694718034464464E-6 	 0.001494857947248484 	 1.458525669106652E-5 	 0.0014888606840263053 	 1.521961983904848E-5 	 0.0014890817141609677 	 
-2.928 	 0.0016897258819491307 	 0.0019564886209842286 	 1.211990565136267E-5 	 0.0018115180828255446 	 2.119819337694458E-5 	 0.0018032975823334576 	 2.194120073244285E-5 	 0.0018035923304988595 	 
-2.904 	 0.0018710762223467328 	 0.0021213891432067715 	 5.509116940543329E-6 	 0.001977744694674541 	 1.6447301868059385E-5 	 0.0019691438091313878 	 1.7269135199969154E-5 	 0.0019694426150966577 	 
-2.88 	 0.0021321852628867996 	 0.0024033680301339764 	 7.126997621701474E-6 	 0.002243066356492938 	 1.940951962480829E-5 	 0.0022333079277793216 	 2.033775732738948E-5 	 0.002233645915880175 	 
-2.856 	 0.0017133589235439552 	 0.0016601439593921425 	 1.2344921959505338E-5 	 0.0016304077714054369 	 2.212755234897178E-5 	 0.001627215573627942 	 2.28501794656163E-5 	 0.0016273421609760525 	 
-2.832 	 0.0018398926454155906 	 0.0019071667316882541 	 5.824365373811096E-6 	 0.0018260253228775446 	 1.7260655874298405E-5 	 0.0018208530671435237 	 1.805893787641905E-5 	 0.0018210633316304802 	 
-2.808 	 0.0018652609119738772 	 0.0019371569793363117 	 6.7794878131737135E-6 	 0.0018545517956502092 	 1.852946124260175E-5 	 0.0018495306745408774 	 1.933936706906882E-5 	 0.0018497319374363521 	 
-2.784 	 0.0020371648765982525 	 0.002186954299875721 	 1.3473659582031956E-5 	 0.0020717168015631383 	 2.535295526396393E-5 	 0.0020651765091529843 	 2.6239768576928928E-5 	 0.0020654366195120887 	 
-2.76 	 0.002709903687202054 	 0.0031555375346557406 	 8.012146597708128E-6 	 0.0029127674469180847 	 2.3651548255325797E-5 	 0.002899432667026344 	 2.484433493186195E-5 	 0.0028999192473581456 	 
-2.7359999999999998 	 0.0026194633910629596 	 0.002825793677795153 	 8.870964506472782E-6 	 0.0026770054438817236 	 2.462100169125784E-5 	 0.0026676679293332214 	 2.5756941595652924E-5 	 0.002668004431919574 	 
-2.7119999999999997 	 0.002388287424424985 	 0.0024175605441888698 	 1.5775388474419774E-5 	 0.0023384118311373403 	 2.9879033974415217E-5 	 0.0023326182147228973 	 3.090299802435791E-5 	 0.0023328528285422936 	 
-2.688 	 0.002195888541567339 	 0.002152967405367232 	 1.4410870875924537E-5 	 0.002103995123559123 	 2.765867802184587E-5 	 0.002100087001652292 	 2.8600568215609693E-5 	 0.002100269741217263 	 
-2.664 	 0.0027543492031135634 	 0.0030307993292333665 	 8.325255466533721E-6 	 0.002846743461602871 	 2.4976321318841163E-5 	 0.0028363078419664034 	 2.61838355008195E-5 	 0.002836706418540727 	 
-2.64 	 0.003424832650333448 	 0.003928645462227199 	 1.0502033684802215E-5 	 0.003643569759104941 	 3.029821892931028E-5 	 0.003627571925865338 	 3.1796518922198965E-5 	 0.003628146587888511 	 
-2.616 	 0.0032038797246731507 	 0.0033658886492408864 	 1.6640659906279815E-5 	 0.0032161324814243284 	 3.5100034299832003E-5 	 0.003206369420000138 	 3.647660670471594E-5 	 0.0032067326329000053 	 
-2.592 	 0.0029711862338258417 	 0.0029854623329719034 	 9.579845526237942E-6 	 0.0028928465930035383 	 2.7849616079320853E-5 	 0.002886140575033716 	 2.9125643267399593E-5 	 0.002886425809512801 	 
-2.568 	 0.0035537464202184533 	 0.0038929105817434727 	 1.108601109134834E-5 	 0.0036614550244758767 	 3.2335668737213196E-5 	 0.0036480207749064564 	 3.38818709673068E-5 	 0.0036485365796599155 	 
-2.544 	 0.004156624200380704 	 0.0046747422192341785 	 1.3831296659652813E-5 	 0.004363664497215104 	 3.853862300626843E-5 	 0.004345740346877223 	 4.034939809776543E-5 	 0.004346388773712015 	 
-2.52 	 0.003370321043364817 	 0.0032760598890712177 	 2.0821091133301134E-5 	 0.003215711164529034 	 4.187576943088339E-5 	 0.0032101610295549006 	 4.3303625018251424E-5 	 0.0032103926530548787 	 
-2.496 	 0.004180511374172417 	 0.0045483149900614975 	 2.9283048939491132E-5 	 0.004288150603958673 	 5.312135976043544E-5 	 0.004272987534510071 	 5.4918991539287164E-5 	 0.004273584306515103 	 
-2.472 	 0.004834247295015909 	 0.005374561684991921 	 2.426481651879911E-5 	 0.005033336356203807 	 5.220385960614564E-5 	 0.005013379273537206 	 5.428980436243159E-5 	 0.005014110722506223 	 
-2.448 	 0.004026521887018932 	 0.003961315652362179 	 3.0996607897960396E-5 	 0.0038696544120625747 	 5.5393558029121504E-5 	 0.003862108974296989 	 5.7096936164104154E-5 	 0.0038624188019770675 	 
-2.424 	 0.0051465531564251505 	 0.005702623025894218 	 3.780220145063631E-5 	 0.0053445379846265555 	 6.619617625934959E-5 	 0.005324297921877533 	 6.841398829962672E-5 	 0.005325072756806464 	 
-2.4 	 0.005058974052997979 	 0.005345045307009364 	 1.8076527847056474E-5 	 0.005093843098130884 	 4.8866818891524126E-5 	 0.005078108892580186 	 5.104501508796265E-5 	 0.005078719018835259 	 
-2.376 	 0.005470871055811864 	 0.005889389313619684 	 3.3709165164478636E-5 	 0.005574610272494785 	 6.519290275321601E-5 	 0.0055556014740100355 	 6.753716058159311E-5 	 0.0055563184580423785 	 
-2.352 	 0.006274939297276358 	 0.006921737686408387 	 3.506646923720712E-5 	 0.0065001020430913905 	 7.066255894617177E-5 	 0.0064753568125475005 	 7.336020761566349E-5 	 0.006476269458604047 	 
-2.328 	 0.005962181767960652 	 0.0061849322128744505 	 3.5178247229791666E-5 	 0.005931720323889117 	 7.021843179172734E-5 	 0.005914955055301909 	 7.276119199415882E-5 	 0.005915612786239458 	 
-2.304 	 0.006737486473598338 	 0.007327464915812093 	 3.088167546776787E-5 	 0.006909400513905958 	 7.076101237599802E-5 	 0.006884551614861222 	 7.365215633242921E-5 	 0.00688549135951402 	 
-2.2800000000000002 	 0.007128304378920308 	 0.007716305143410277 	 3.746190823012457E-5 	 0.007290570642216067 	 8.048518564806994E-5 	 0.007264996621826621 	 8.353199593420064E-5 	 0.007265953813624641 	 
-2.2560000000000002 	 0.007461259631826472 	 0.007989341334920382 	 7.945002984255493E-5 	 0.007578186983975853 	 1.2004777432496199E-4 	 0.007553074031602588 	 1.2320621260126282E-4 	 0.007554028099650099 	 
-2.232 	 0.008426658886033953 	 0.009325520338335726 	 6.471229675390507E-5 	 0.008745005651341597 	 1.102997651907032E-4 	 0.008711016147532169 	 1.1389254429953876E-4 	 0.008712277714991109 	 
-2.208 	 0.0073047548456433185 	 0.007330935553698486 	 5.4278018843639876E-5 	 0.007110884229692759 	 9.666298772817219E-5 	 0.007094663677908333 	 9.974764396769489E-5 	 0.007095326132836471 	 
-2.184 	 0.00833418253028843 	 0.008968344602642352 	 4.6906449517130734E-5 	 0.008487180052441434 	 9.439376502970659E-5 	 0.008458625150112902 	 9.79678509118433E-5 	 0.008459739479975786 	 
-2.16 	 0.009482537350871836 	 0.010442708723381591 	 3.706005820036511E-5 	 0.009810931311910267 	 9.148329731587788E-5 	 0.009773927203474093 	 9.55628433814872E-5 	 0.009775298323536323 	 
-2.136 	 0.009883336279415691 	 0.010634055212331522 	 4.995847783278358E-5 	 0.010070766016502827 	 1.0575704082390594E-4 	 0.010036176148115684 	 1.0998440554024651E-4 	 0.010037464203049512 	 
-2.112 	 0.009935135963389442 	 0.010494624109965565 	 3.2098798189848814E-5 	 0.009995735300512305 	 9.135227652479449E-5 	 0.009964357778151437 	 9.559590440773576E-5 	 0.00996556778059506 	 
-2.088 	 0.010680353521397174 	 0.011439766007718143 	 5.5917643693995045E-5 	 0.010845354210957127 	 1.1720829406318585E-4 	 0.010809340593149398 	 1.2177238471036613E-4 	 0.010810724150223305 	 
-2.064 	 0.011395440405174295 	 0.012269268998922058 	 5.7058051781916796E-5 	 0.011611953040421404 	 1.2208534723689516E-4 	 0.011572270570243962 	 1.269534980372648E-4 	 0.011573774855598023 	 
-2.04 	 0.011873228419477242 	 0.012704638007340929 	 5.3690721063782274E-5 	 0.012049486635869397 	 1.2328750383929423E-4 	 0.012009579955520936 	 1.2835893731770424E-4 	 0.012011099079363251 	 
-2.016 	 0.012571260464416725 	 0.013477689128324075 	 6.553199905977244E-5 	 0.012776204399556679 	 1.3900444329758847E-4 	 0.012733592330424242 	 1.4437846357479231E-4 	 0.012735223868635575 	 
-1.992 	 0.013290600823052745 	 0.01427858391530338 	 8.809546536157942E-5 	 0.013524198072437774 	 1.6249065032116622E-4 	 0.013478440066616996 	 1.6813995388212255E-4 	 0.013480180071870301 	 
-1.968 	 0.014238509725485586 	 0.015375322315250049 	 9.195629788179892E-5 	 0.014538977284861861 	 1.7022010161676625E-4 	 0.01448854798945198 	 1.7628759302218733E-4 	 0.0144904526881572 	 
-1.944 	 0.014981614445136284 	 0.016121691286271073 	 5.9465047829203225E-5 	 0.015263426283441229 	 1.45857764987049E-4 	 0.015211275346884268 	 1.5227069547718634E-4 	 0.015213244310888132 	 
-1.92 	 0.015295770577670832 	 0.01622353081003624 	 6.633060429054452E-5 	 0.015434171698770564 	 1.548775775113535E-4 	 0.015385188534256404 	 1.6140838242462643E-4 	 0.015387067717714017 	 
-1.896 	 0.015811919327418607 	 0.016760106973248666 	 5.888282887662176E-5 	 0.01594608348736953 	 1.5274152067682307E-4 	 0.015895990175972943 	 1.5950057816967736E-4 	 0.015897937767576732 	 
-1.8719999999999999 	 0.01786597370244115 	 0.019541387250569787 	 9.728271828335568E-5 	 0.018400737791913445 	 1.974642016188758E-4 	 0.018333702730243942 	 2.0511593026913282E-4 	 0.018336216125554795 	 
-1.8479999999999999 	 0.017480145869996324 	 0.018320517122931007 	 8.32543522527279E-5 	 0.017505383756702114 	 1.8541978685311967E-4 	 0.017453724176662168 	 1.928779472222207E-4 	 0.017455711758100553 	 
-1.824 	 0.0183258081613824 	 0.01944034904248999 	 8.590618855665673E-5 	 0.018494747137619724 	 1.9319872041127456E-4 	 0.018437327058802393 	 2.010495924588503E-4 	 0.01843958026356568 	 
-1.8 	 0.020139960031116334 	 0.02177221609391912 	 9.247643311696818E-5 	 0.02059047170747657 	 2.100397872383145E-4 	 0.02052070050278592 	 2.1871018349257435E-4 	 0.02052334170198119 	 
-1.776 	 0.020414999991100625 	 0.021534262534026006 	 1.1257077065682576E-4 	 0.020541879074311934 	 2.314292163625306E-4 	 0.020480845622994077 	 2.401957732226716E-4 	 0.020483188717196673 	 
-1.752 	 0.021567169347103923 	 0.02287019109261623 	 9.315633239117139E-5 	 0.02177942873719001 	 2.222320903315124E-4 	 0.02171406111806389 	 2.3156645331050952E-4 	 0.021716608756932296 	 
-1.728 	 0.022164569178601302 	 0.0232877211831515 	 8.641689543915267E-5 	 0.02225701264022035 	 2.2415785325159387E-4 	 0.022195017707606516 	 2.3380622662854823E-4 	 0.022197447453668393 	 
-1.704 	 0.0236388735776092 	 0.02512390638069806 	 1.1963776665229782E-4 	 0.023929597769678682 	 2.6558632153947533E-4 	 0.023860490432759444 	 2.7593806100654746E-4 	 0.023863175463395635 	 
-1.68 	 0.02360086717446323 	 0.024465289215580176 	 1.218386936298676E-4 	 0.023525481811278642 	 2.7343606576194553E-4 	 0.023470106918468812 	 2.8385024858380674E-4 	 0.023472348745715382 	 
-1.656 	 0.024035407765475806 	 0.024821085803275963 	 1.2574779574692557E-4 	 0.02391637668844825 	 2.8497395067419594E-4 	 0.02386465442098591 	 2.9570912719896914E-4 	 0.023866828864291246 	 
-1.632 	 0.025757167730258317 	 0.027083953540026018 	 1.3112738071310748E-4 	 0.02595467326148117 	 3.04714710578345E-4 	 0.02589321923509565 	 3.1636441958161497E-4 	 0.02589573231637423 	 
-1.6079999999999999 	 0.025881418817998873 	 0.026634898266685532 	 1.2971778643935828E-4 	 0.02574970489403452 	 3.1332921694951315E-4 	 0.02570136659599389 	 3.251804527689811E-4 	 0.02570344222231957 	 
-1.584 	 0.026811364446003655 	 0.02766958678893966 	 1.493499089417818E-4 	 0.026746736746067975 	 3.4340654103895196E-4 	 0.02669843972390175 	 3.558461026870715E-4 	 0.026700570140636065 	 
-1.56 	 0.027746938460838037 	 0.02866334811640858 	 1.5377293773066478E-4 	 0.027728068462681502 	 3.6005128806850315E-4 	 0.027680562587888164 	 3.731027425276778E-4 	 0.02768268446824543 	 
-1.536 	 0.027167644702001257 	 0.027301374919654772 	 1.4958882626900748E-4 	 0.026709099934368867 	 3.633737167185502E-4 	 0.02668051033808716 	 3.7636663728578246E-4 	 0.026682019516074105 	 
-1.512 	 0.027403472622216644 	 0.02759364825491041 	 1.502989492166627E-4 	 0.02700352326132076 	 3.7487793609502715E-4 	 0.026977948336537817 	 3.882256783263895E-4 	 0.02697946302826005 	 
-1.488 	 0.0282401025676423 	 0.02869523649655703 	 1.6578568620816443E-4 	 0.02802020553277665 	 4.016595403520672E-4 	 0.027992040373244226 	 4.156069416586967E-4 	 0.027993653496847595 	 
-1.464 	 0.02642196018602751 	 0.025767918911222307 	 1.8327836082630705E-4 	 0.02559384513596858 	 4.176634757327298E-4 	 0.02559201919513431 	 4.3100839618318785E-4 	 0.02559274435719739 	 
-1.44 	 0.026524383067072832 	 0.026219888387308085 	 1.9339190921529738E-4 	 0.02593842954625783 	 4.330673439707626E-4 	 0.025933843847019744 	 4.467011400427845E-4 	 0.025934727214627414 	 
-1.416 	 0.025341968939301296 	 0.02448277158199209 	 1.841266823996783E-4 	 0.02446992503165012 	 4.2488614825172657E-4 	 0.024479165338760777 	 4.381955258667486E-4 	 0.024479597016137535 	 
-1.392 	 0.02491131868661331 	 0.024210854478121928 	 2.0681172390849415E-4 	 0.024172295679044567 	 4.470066201914511E-4 	 0.02418073720478938 	 4.6033180130983367E-4 	 0.024181222548800743 	 
-1.3679999999999999 	 0.023835005539023117 	 0.022815886589452473 	 1.8911292307189931E-4 	 0.022947984743415414 	 4.301963356611586E-4 	 0.022964855014245528 	 4.4324690591871976E-4 	 0.022965017488292643 	 
-1.3439999999999999 	 0.022042382209205826 	 0.020673394052459153 	 2.023580337929939E-4 	 0.02099715215389736 	 4.3468112503873725E-4 	 0.02102413124406267 	 4.4710119651002205E-4 	 0.02102395988005663 	 
-1.32 	 0.02048371523328054 	 0.019066852878106597 	 1.8924090949712645E-4 	 0.019466113737477597 	 4.169545731092577E-4 	 0.019496909818651594 	 4.288798322141203E-4 	 0.01949656530201134 	 
-1.296 	 0.01801529762194701 	 0.01622161927744617 	 1.9157122514664249E-4 	 0.01683837357036854 	 4.069692998194797E-4 	 0.01687871777636054 	 4.1792245219328085E-4 	 0.016877985511019197 	 
-1.272 	 0.01601329775854785 	 0.014152839294773912 	 2.2149564325492303E-4 	 0.014864878052740131 	 4.228814768980771E-4 	 0.014909559811839732 	 4.3310336345328993E-4 	 0.01490862106677846 	 
-1.248 	 0.014222803346482482 	 0.01240165890678167 	 1.892718662814659E-4 	 0.013151543254741289 	 3.821475047683696E-4 	 0.013196605750368705 	 3.9171331783639503E-4 	 0.013195514913067618 	 
-1.224 	 0.012928613900220794 	 0.011339543604348145 	 1.8084720311966287E-4 	 0.012037798880276038 	 3.6595046212933483E-4 	 0.012078165241080218 	 3.7503698508498215E-4 	 0.012077072504556778 	 
-1.2 	 0.010984133048842794 	 0.009157551146726431 	 1.8019939156921824E-4 	 0.010004012176049511 	 3.5622014540195824E-4 	 0.010049596193297417 	 3.6455771821619106E-4 	 0.01004821446092718 	 
-1.176 	 0.00944320118307242 	 0.007783936553408233 	 1.788630290297955E-4 	 0.008599638212794147 	 3.4475485219537727E-4 	 0.008642847089022377 	 3.524507827075204E-4 	 0.008641430478307491 	 
-1.152 	 0.007969568196224078 	 0.006375460772964838 	 1.932837989139433E-4 	 0.007210429654644926 	 3.5045833159398426E-4 	 0.007254347989527269 	 3.5758814897518965E-4 	 0.007252795033495992 	 
-1.128 	 0.006512116841754443 	 0.004993026181059958 	 2.0862107754084354E-4 	 0.005833966505054413 	 3.541015271060004E-4 	 0.0058773690463045855 	 3.606190289005835E-4 	 0.005875708399598819 	 
-1.1039999999999999 	 0.005375910639737655 	 0.003981870892760897 	 1.8889787431153077E-4 	 0.004803696390164433 	 3.2950289699695264E-4 	 0.004846359031394405 	 3.3560556890113816E-4 	 0.004844629659879017 	 
-1.08 	 0.0043689391633642514 	 0.0030904383536761635 	 1.6691400428135012E-4 	 0.00389195384259074 	 3.051928890945401E-4 	 0.003933799360992825 	 3.109275587164113E-4 	 0.0039320757643118796 	 
-1.056 	 0.0034656130227351083 	 0.002301562403438507 	 1.7444789375913307E-4 	 0.003072174530818024 	 3.068321146134199E-4 	 0.0031132781975003196 	 3.121683098439415E-4 	 0.003111541904305365 	 
-1.032 	 0.0028059092853131976 	 0.0017827689480849082 	 1.9922844031428376E-4 	 0.00251470336354281 	 3.2539398033480904E-4 	 0.0025557380482434666 	 3.304931825266994E-4 	 0.002554003614224354 	 
-1.008 	 0.002373035253104264 	 0.001541298445339006 	 1.7130693779300165E-4 	 0.0022001651766229598 	 2.9560405182556065E-4 	 0.0022386862487554938 	 3.005304020428418E-4 	 0.0022370613182451913 	 
-0.984 	 0.001911886655170397 	 0.0011438271747351795 	 1.4406565849545765E-4 	 0.0017788035323764162 	 2.689603399028337E-4 	 0.0018184250632746583 	 2.7371577152378757E-4 	 0.00181682757788511 	 
-0.96 	 0.0016964712120468542 	 0.0010857551495391828 	 1.6438412897155886E-4 	 0.001659794064380208 	 2.8529254534973936E-4 	 0.001697714917797458 	 2.9000104891740264E-4 	 0.0016962715483125259 	 
-0.9359999999999999 	 0.0016019881624617367 	 0.0011182453648689156 	 1.5148922645370026E-4 	 0.0016355197599389065 	 2.7077837653191145E-4 	 0.0016719899763413693 	 2.7547584538212977E-4 	 0.0016706701943358863 	 
-0.9119999999999999 	 0.00148232511456 	 0.0010640586148695313 	 1.1008081623054442E-4 	 0.0015447942328852694 	 2.3141263529671667E-4 	 0.0015808610442467786 	 2.3606980754154236E-4 	 0.0015796800925415256 	 
-0.8879999999999999 	 0.0011459465275311064 	 6.605395081001002E-4 	 1.0991134829930426E-4 	 0.0011655386506738837 	 2.308571658913263E-4 	 0.0012037410085187575 	 2.3540978617207103E-4 	 0.0012025627682080739 	 
-0.8639999999999999 	 0.0010829888767070678 	 6.962743606123367E-4 	 1.436743919711074E-4 	 0.0011547758924212725 	 2.6030347019308784E-4 	 0.0011915392621529312 	 2.64827898233083E-4 	 0.0011905101713183932 	 
-0.8399999999999999 	 0.0010279270891324576 	 7.028299049458364E-4 	 1.603816844237873E-4 	 0.0011237191042092333 	 2.703011389816492E-4 	 0.001158075973468563 	 2.7476653762257587E-4 	 0.0011572183952754968 	 
-0.8159999999999998 	 8.540032082845445E-4 	 4.938928240232487E-4 	 1.2912894378167483E-4 	 9.252756167688676E-4 	 2.4110142052098614E-4 	 9.59983484970967E-4 	 2.4557595458167867E-4 	 9.591448027628908E-4 	 
-0.7919999999999998 	 7.738096214154653E-4 	 4.4493080462947704E-4 	 1.3780817793042236E-4 	 8.569968363271467E-4 	 2.471677969063561E-4 	 8.900258422131786E-4 	 2.516466093267148E-4 	 8.893027039098017E-4 	 
-0.7679999999999998 	 7.552581609177924E-4 	 4.696585076025055E-4 	 1.2845987422686254E-4 	 8.541976324647609E-4 	 2.3816044834667729E-4 	 8.851517833715179E-4 	 2.4265917063077792E-4 	 8.844995702829939E-4 	 
-0.7439999999999998 	 6.925426478726316E-4 	 4.0835927941248486E-4 	 1.442132285002521E-4 	 7.834174132107337E-4 	 2.51031138435318E-4 	 8.13037280279573E-4 	 2.5548775791295233E-4 	 8.124090935683215E-4 	 
-0.7199999999999998 	 6.915588494647866E-4 	 4.496286347202833E-4 	 1.432590314173589E-4 	 7.996280899584643E-4 	 2.516068378398995E-4 	 8.270229842396087E-4 	 2.561311993828038E-4 	 8.264618743468713E-4 	 
-0.6959999999999997 	 6.064684671006049E-4 	 3.4648629793244425E-4 	 1.6634310544970526E-4 	 6.990556038587222E-4 	 2.733065910688053E-4 	 7.26167916481968E-4 	 2.7785182128261344E-4 	 7.255727159266068E-4 	 
-0.6720000000000002 	 5.260502754938189E-4 	 2.7104577314424007E-4 	 1.4905703467821776E-4 	 6.13930003295375E-4 	 2.583698845233229E-4 	 6.394808553291232E-4 	 2.629171177755715E-4 	 6.389062842973978E-4 	 
-0.6480000000000001 	 5.068837408961846E-4 	 2.840813023720186E-4 	 1.650612974003318E-4 	 6.072629518327705E-4 	 2.750938612496972E-4 	 6.320334664811095E-4 	 2.7965323138958895E-4 	 6.314496138331428E-4 	 
-0.6240000000000001 	 4.890870776603191E-4 	 2.8330843872652133E-4 	 1.607298882060275E-4 	 5.921664296015205E-4 	 2.7362522346087957E-4 	 6.158727025192258E-4 	 2.7822165491465554E-4 	 6.152943032940737E-4 	 
-0.6000000000000001 	 4.6739524077415984E-4 	 2.690034308699193E-4 	 1.6427342748967768E-4 	 5.707133021365596E-4 	 2.8073165679295476E-4 	 5.939225070286762E-4 	 2.854175871736247E-4 	 5.933288917231677E-4 	 
-0.5760000000000001 	 4.055571162017975E-4 	 1.9539967662591883E-4 	 1.6591054608961958E-4 	 4.955638187192023E-4 	 2.854983199576089E-4 	 5.19234153765215E-4 	 2.901916563803008E-4 	 5.185967242375048E-4 	 
-0.552 	 4.6486553711344076E-4 	 3.113679965884819E-4 	 1.518020555281397E-4 	 5.798423886706698E-4 	 2.769884047107595E-4 	 6.015829294667253E-4 	 2.81755028271217E-4 	 6.01016070346291E-4 	 
-0.528 	 4.497006876980249E-4 	 2.839726236000516E-4 	 1.8630911504632E-4 	 5.551386468978163E-4 	 3.1336266958208425E-4 	 5.774272320976651E-4 	 3.181925781346797E-4 	 5.768325971640513E-4 	 
-0.504 	 3.6954607865536814E-4 	 1.803471485158919E-4 	 1.883406082961461E-4 	 4.5445291879305557E-4 	 3.1715118210434994E-4 	 4.768779283429689E-4 	 3.2196758736137903E-4 	 4.7626995214446134E-4 	 
-0.48 	 3.3669403222593E-4 	 1.6369612753787594E-4 	 1.8491157420869348E-4 	 4.2680919822696425E-4 	 3.161755966993875E-4 	 4.4849140673429964E-4 	 3.2101778319720896E-4 	 4.479089152921225E-4 	 
-0.45599999999999996 	 3.543784966435736E-4 	 2.0735489956472602E-4 	 1.966663330895841E-4 	 4.5702279341163665E-4 	 3.295237786902458E-4 	 4.7761081010813905E-4 	 3.344298070367054E-4 	 4.7704225203320654E-4 	 
-0.43199999999999994 	 3.594672815688569E-4 	 2.2132408836175925E-4 	 1.886213711221007E-4 	 4.636329075242877E-4 	 3.2552593188451694E-4 	 4.830651879274783E-4 	 3.3052618387417276E-4 	 4.825398908862251E-4 	 
-0.4079999999999999 	 3.432620379891194E-4 	 2.053247728032742E-4 	 2.008598288495352E-4 	 4.435264363412965E-4 	 3.3892453728541895E-4 	 4.6208121833996865E-4 	 3.4394017814697123E-4 	 4.615670873959514E-4 	 
-0.3839999999999999 	 3.2135299925498443E-4 	 1.8828248897144833E-4 	 1.987979437527955E-4 	 4.193100173885424E-4 	 3.3675814588433715E-4 	 4.3603861447093185E-4 	 3.4175472682915984E-4 	 4.3555406953008747E-4 	 
-0.3599999999999999 	 3.334570217063152E-4 	 2.1655458373049088E-4 	 2.091376597548696E-4 	 4.406722701795712E-4 	 3.515642138054912E-4 	 4.562349144521275E-4 	 3.566635444869234E-4 	 4.557574483059722E-4 	 
-0.33599999999999985 	 2.8853447129743506E-4 	 1.5693396234105683E-4 	 2.32814107435719E-4 	 3.858162501869207E-4 	 3.7729603302133296E-4 	 4.001939175175135E-4 	 3.82439223395814E-4 	 3.9970986368743515E-4 	 
-0.31199999999999983 	 2.3695534634503646E-4 	 9.556786915774731E-5 	 2.4024596193815092E-4 	 3.253166833811489E-4 	 3.865595388551348E-4 	 3.38289523626238E-4 	 3.9168786289195916E-4 	 3.3780655680319856E-4 	 
-0.2879999999999998 	 2.5286084289869316E-4 	 1.380456838902259E-4 	 2.6341928277809617E-4 	 3.5608819366048523E-4 	 4.1247323477037784E-4 	 3.676408831061236E-4 	 4.176460729311731E-4 	 3.6715118054284074E-4 	 
-0.2639999999999998 	 2.3880593975822003E-4 	 1.2156547265249611E-4 	 2.2920294273858706E-4 	 3.3777900408906564E-4 	 3.8727571401491747E-4 	 3.4792690621142315E-4 	 3.92522298277034E-4 	 3.474336872941281E-4 	 
-0.23999999999999977 	 2.2163450860628376E-4 	 1.057818568317568E-4 	 2.3775455588601497E-4 	 3.2078892665113567E-4 	 4.036402523775623E-4 	 3.3011921729763136E-4 	 4.089716450616796E-4 	 3.2960273783748877E-4 	 
-0.21599999999999975 	 2.345147237891163E-4 	 1.3409778089805454E-4 	 2.764030630850207E-4 	 3.4135334909538863E-4 	 4.4541127409406835E-4 	 3.4973323178969374E-4 	 4.507672481707865E-4 	 3.4920304278638145E-4 	 
-0.19199999999999973 	 2.2430885244603002E-4 	 1.1848737055148989E-4 	 2.876553151985734E-4 	 3.2447709383995983E-4 	 4.634522269812664E-4 	 3.326064240345503E-4 	 4.688558754626348E-4 	 3.320615469992108E-4 	 
-0.16800000000000015 	 1.9174239991827838E-4 	 7.465199032988716E-5 	 3.0684898148833963E-4 	 2.839969153428924E-4 	 4.906728357741364E-4 	 2.922965452633948E-4 	 4.961568482313457E-4 	 2.91705411763008E-4 	 
-0.14400000000000013 	 2.0134973637609226E-4 	 1.0335788175985156E-4 	 3.0661083584896943E-4 	 3.0212333980444343E-4 	 4.974116768756399E-4 	 3.0995405227358036E-4 	 5.029611941760795E-4 	 3.0935760065673855E-4 	 
-0.1200000000000001 	 2.150420120685653E-4 	 1.328321624129715E-4 	 3.2052801378776053E-4 	 3.2123204305911136E-4 	 5.163642139258547E-4 	 3.290615320707477E-4 	 5.219688657255605E-4 	 3.284712659544924E-4 	 
-0.09600000000000009 	 2.0536606070385285E-4 	 1.1901423920437786E-4 	 3.3696362187498897E-4 	 3.060378934667341E-4 	 5.404847097942555E-4 	 3.1412575652816363E-4 	 5.46155298412015E-4 	 3.135222493988295E-4 	 
-0.07200000000000006 	 2.0350922365531992E-4 	 1.2002695887422124E-4 	 3.9277710805110455E-4 	 3.0277944309499595E-4 	 5.984557065353827E-4 	 3.114367015601262E-4 	 6.041897051125766E-4 	 3.108305980862761E-4 	 
-0.04800000000000004 	 2.182910085164487E-4 	 1.501822966903828E-4 	 3.8163278908190645E-4 	 3.223830458325745E-4 	 5.960988029248192E-4 	 3.3088540832589155E-4 	 6.019201998222119E-4 	 3.303085589518693E-4 	 
-0.02400000000000002 	 1.865517563552435E-4 	 1.068872356055222E-4 	 4.0211853532535005E-4 	 2.792510076242362E-4 	 6.210975182842349E-4 	 2.881763286738384E-4 	 6.269353323128625E-4 	 2.876020661855148E-4 	 
0.0 	 1.7038108521659357E-4 	 9.447727940927525E-5 	 4.3883922502645776E-4 	 2.6418722416590696E-4 	 6.634905596638307E-4 	 2.735338162951963E-4 	 6.694572384398763E-4 	 2.729745595351348E-4 	 
0.02400000000000002 	 1.5355761025882467E-4 	 8.036653080962416E-5 	 4.344823960631732E-4 	 2.4669371433683863E-4 	 6.699809151780487E-4 	 2.5606164422852906E-4 	 6.760457251441223E-4 	 2.555134318559391E-4 	 
0.04800000000000004 	 1.6521542574955288E-4 	 1.0953783938772422E-4 	 4.6075279435042315E-4 	 2.654448818571381E-4 	 7.025958364701289E-4 	 2.7445982713159825E-4 	 7.087019013719808E-4 	 2.7394332541052325E-4 	 
0.07200000000000006 	 1.5655173690981813E-4 	 9.640613220703705E-5 	 5.053413786403502E-4 	 2.540760631585903E-4 	 7.561176260286795E-4 	 2.627545499173297E-4 	 7.623300720171875E-4 	 2.622479949357136E-4 	 
0.09600000000000009 	 1.5426442178654025E-4 	 9.729405657430112E-5 	 5.291775337300426E-4 	 2.538001340097733E-4 	 7.924676610878762E-4 	 2.619475419499516E-4 	 7.988307430794111E-4 	 2.61467900304922E-4 	 
0.1200000000000001 	 1.4160271244439062E-4 	 8.305148093597678E-5 	 5.78581977150303E-4 	 2.4144240238193528E-4 	 8.506266831342223E-4 	 2.4903854564111653E-4 	 8.571140043191715E-4 	 2.485758812818842E-4 	 
0.14400000000000013 	 1.4721655450299385E-4 	 9.675743774353038E-5 	 6.253163900740504E-4 	 2.5272792434715617E-4 	 9.056931830050502E-4 	 2.592347164428886E-4 	 9.122627621980451E-4 	 2.587771520432912E-4 	 
0.16800000000000015 	 1.3698240681530384E-4 	 8.236465569350261E-5 	 6.92515341405285E-4 	 2.4319494360267366E-4 	 9.840196988059474E-4 	 2.491601900695241E-4 	 9.907868623736105E-4 	 2.486952494123339E-4 	 
0.19200000000000017 	 1.452320272381611E-4 	 9.694566688288579E-5 	 7.305581395698655E-4 	 2.588286587348851E-4 	 0.0010350164306466624 	 2.6361335231792326E-4 	 0.0010419809438731293 	 2.6314729061164557E-4 	 
0.2160000000000002 	 1.3413086511580082E-4 	 8.083746343828845E-5 	 7.757480848672938E-4 	 2.465633656478223E-4 	 0.001091857373352316 	 2.502216320780151E-4 	 0.0010989106459251225 	 2.4976016175940944E-4 	 
0.2400000000000002 	 1.3385220965939776E-4 	 8.120841192435702E-5 	 8.985394086664689E-4 	 2.523092661088081E-4 	 0.0012249411990889203 	 2.5512486915175536E-4 	 0.0012322112692582667 	 2.546392107412041E-4 	 
0.26400000000000023 	 1.6040606321229337E-4 	 1.237024200592488E-4 	 9.396466116101741E-4 	 2.9090921048029015E-4 	 0.0012849741175128256 	 2.924500544565224E-4 	 0.0012924105882172307 	 2.919512332049647E-4 	 
0.28800000000000026 	 1.3421767732830562E-4 	 7.963100340256065E-5 	 0.0010633996547510178 	 2.5860713301632045E-4 	 0.0014268958276456 	 2.598323208556544E-4 	 0.0014344693533203405 	 2.593028163047896E-4 	 
0.3120000000000003 	 1.2993383931370327E-4 	 7.864245947908241E-5 	 0.0011843483368808008 	 2.592274349721442E-4 	 0.0015693473626723902 	 2.598965227817113E-4 	 0.0015769870255140069 	 2.5934210778812735E-4 	 
0.33599999999999985 	 1.573465072374838E-4 	 1.2224910113216848E-4 	 0.00135601043571209 	 2.984043418019148E-4 	 0.0017691888784405658 	 2.9831108311988543E-4 	 0.0017768400635490408 	 2.9775977094922E-4 	 
0.3599999999999999 	 1.4467954276858E-4 	 9.498231306391651E-5 	 0.0017169158220335765 	 2.826774975273969E-4 	 0.0021513268040718445 	 2.8286373347690037E-4 	 0.002158951591676761 	 2.822551979866208E-4 	 
0.3839999999999999 	 1.3309191072150022E-4 	 7.996758953201855E-5 	 0.0019795437171765363 	 2.706066472319237E-4 	 0.0024541189663648162 	 2.7099575000130857E-4 	 0.002461560958163585 	 2.7036916275406854E-4 	 
0.4079999999999999 	 1.436280234117537E-4 	 9.680819032561177E-5 	 0.0025175758668548836 	 2.892983651715012E-4 	 0.0030298853395714772 	 2.9004388623607354E-4 	 0.0030370082946021733 	 2.8940149804976707E-4 	 
0.43199999999999994 	 1.4582134947911557E-4 	 9.913299491496981E-5 	 0.0031803751265697634 	 2.950974292078074E-4 	 0.003735780310455401 	 2.96302517025778E-4 	 0.0037423177914392863 	 2.9563935543630245E-4 	 
0.45599999999999996 	 1.3919684497111444E-4 	 8.790955852547503E-5 	 0.004148415855118833 	 2.8855696170732904E-4 	 0.0047389739356783174 	 2.907544479016911E-4 	 0.004744538928437166 	 2.900729314914604E-4 	 
0.48 	 1.4597642990366602E-4 	 9.378609873104989E-5 	 0.005522589744324556 	 3.018209615840311E-4 	 0.006154354630317742 	 3.049300119012021E-4 	 0.006158645654549123 	 3.0421572263889175E-4 	 
0.504 	 1.514921115495058E-4 	 9.953572494500118E-5 	 0.007323941443340301 	 3.115354440787662E-4 	 0.007984803496209695 	 3.1565243835363554E-4 	 0.007987081581935816 	 3.1494204511661413E-4 	 
0.528 	 1.629838031074036E-4 	 1.0850618272851328E-4 	 0.009624145254498617 	 3.2810322937358957E-4 	 0.010315940338493056 	 3.3351106402243854E-4 	 0.010315712033847829 	 3.327763405851839E-4 	 
0.552 	 1.7462683976387166E-4 	 1.1988864930393214E-4 	 0.012924893618774127 	 3.4788542697788906E-4 	 0.013587604078776377 	 3.5458708176028237E-4 	 0.013583782782249714 	 3.538217604071508E-4 	 
0.5760000000000001 	 1.888348952872465E-4 	 1.3241680308833384E-4 	 0.016819542716649347 	 3.6888434986671187E-4 	 0.01743707738958003 	 3.7713440660704285E-4 	 0.017428899038667903 	 3.7634523367271653E-4 	 
0.6000000000000001 	 2.169071329776921E-4 	 1.6262568671369598E-4 	 0.021608794477117797 	 4.0854484833735457E-4 	 0.02211288613957824 	 4.179704924591649E-4 	 0.02209952693363883 	 4.17142810821115E-4 	 
0.6240000000000001 	 2.2633893826357933E-4 	 1.6421723081877954E-4 	 0.027116465458345358 	 4.2107200454441897E-4 	 0.0274070049843335 	 4.318934782498849E-4 	 0.027387559967051917 	 4.310530488225322E-4 	 
0.6480000000000001 	 2.440905969020808E-4 	 1.800443998856018E-4 	 0.03241641043037301 	 4.462815785990355E-4 	 0.03250095353901888 	 4.5844568713042307E-4 	 0.03247572532360821 	 4.57564800651449E-4 	 
0.6720000000000002 	 2.5881078523421933E-4 	 1.946487572724869E-4 	 0.03757206113753625 	 4.6736588218532655E-4 	 0.03744166069055347 	 4.8039710482917743E-4 	 0.03741067446841831 	 4.79491235449141E-4 	 
0.6960000000000002 	 2.735225247634011E-4 	 2.074295378397529E-4 	 0.04256036871073758 	 4.8407426415342984E-4 	 0.042200212114310215 	 4.980054376916476E-4 	 0.04216350093103199 	 4.971017385763584E-4 	 
0.7200000000000002 	 2.8669324966184217E-4 	 2.1910066957271635E-4 	 0.04737021508514343 	 4.985223270786764E-4 	 0.04674564149658713 	 5.13220512842913E-4 	 0.04670353735070421 	 5.122885292606245E-4 	 
0.7440000000000002 	 2.984026556683538E-4 	 2.29814894469391E-4 	 0.052172973198359535 	 5.101871574107516E-4 	 0.05114545038386912 	 5.252639745453457E-4 	 0.05109815680970356 	 5.24333123272913E-4 	 
0.7680000000000002 	 3.10207769112567E-4 	 2.4708720934458475E-4 	 0.054530790813851385 	 5.198844713947164E-4 	 0.053252505790039796 	 5.348057151374591E-4 	 0.05320238910911761 	 5.338912448101678E-4 	 
0.7920000000000003 	 2.9569870407755673E-4 	 2.294056711252731E-4 	 0.055205253989841045 	 4.926224329431809E-4 	 0.053805166795777425 	 5.07481298504916E-4 	 0.05375371342502569 	 5.065950407366204E-4 	 
0.8160000000000003 	 2.890384507329717E-4 	 2.257171373817149E-4 	 0.055751284443762955 	 4.7838241850321176E-4 	 0.054163459107381656 	 4.928036074709069E-4 	 0.05411111849183042 	 4.91957080478704E-4 	 
0.8399999999999999 	 2.7692357443412423E-4 	 2.1726725127180934E-4 	 0.05494589703055572 	 4.5457917890858406E-4 	 0.05320829974711778 	 4.683269544454583E-4 	 0.05315645013937185 	 4.675124420650582E-4 	 
0.8639999999999999 	 2.6006353314315565E-4 	 2.0488355546952893E-4 	 0.05286930659607599 	 4.2404993932386903E-4 	 0.05103809064855112 	 4.367867988767336E-4 	 0.0509879852031557 	 4.360558134716643E-4 	 
0.8879999999999999 	 2.382401057244983E-4 	 1.8795410214684775E-4 	 0.04905819773781848 	 3.865239045845367E-4 	 0.04728715515407597 	 3.983543272977435E-4 	 0.04724060801036074 	 3.9767043795863646E-4 	 
0.9119999999999999 	 2.1518368480023554E-4 	 1.7005939885739505E-4 	 0.04492905963768779 	 3.473725635247204E-4 	 0.04323312261497275 	 3.5789123230121493E-4 	 0.04319036912550509 	 3.572810966368909E-4 	 
0.9359999999999999 	 1.9367290227693664E-4 	 1.52769137191519E-4 	 0.040866017248780626 	 3.1103346969047337E-4 	 0.03921223890763113 	 3.204982642678974E-4 	 0.039173429042531294 	 3.1996265782964847E-4 	 
0.96 	 1.6652758823834988E-4 	 1.314217840417625E-4 	 0.03525012215636397 	 2.666773418246009E-4 	 0.03384629906302344 	 2.7493229850246713E-4 	 0.03381275590994369 	 2.744576357164011E-4 	 
0.984 	 1.4724704491679935E-4 	 1.158989719447285E-4 	 0.03144893955903746 	 2.3477234016485406E-4 	 0.030087107810948022 	 2.4175647790000156E-4 	 0.03005728322063608 	 2.4135804853715103E-4 	 
1.008 	 1.2412137285708599E-4 	 9.773965453155212E-5 	 0.026506162094097046 	 1.9819555899626466E-4 	 0.025338545971031835 	 2.0431464411676902E-4 	 0.02531351284468029 	 2.0396470468621653E-4 	 
1.032 	 1.0226364300036645E-4 	 8.05396558552892E-5 	 0.0217207563818309 	 1.6366850179869196E-4 	 0.02080811425655197 	 1.6857239981996408E-4 	 0.02078752807155704 	 1.6828971763514783E-4 	 
1.056 	 8.77400389305695E-5 	 6.915927246664048E-5 	 0.01878166920251743 	 1.405017190107741E-4 	 0.017943367440955357 	 1.4471230474386964E-4 	 0.01792565260653858 	 1.4447019770784912E-4 	 
1.08 	 7.185245660797675E-5 	 5.6746406657182864E-5 	 0.015202407587384866 	 1.1548930788640507E-4 	 0.01456880413848638 	 1.1902771460256236E-4 	 0.01455443493090324 	 1.188239490255654E-4 	 
1.104 	 6.199398279317845E-5 	 4.879468407529075E-5 	 0.013108600330529269 	 9.964777969268263E-5 	 0.01254181462819666 	 1.0254000418288995E-4 	 0.012529457040371637 	 1.023719825071777E-4 	 
1.1280000000000001 	 5.129766175561329E-5 	 4.06222182552751E-5 	 0.010864229188780399 	 8.268069390473596E-5 	 0.010409815000943212 	 8.519829390090442E-5 	 0.010399552020509245 	 8.504864815825912E-5 	 
1.1520000000000001 	 5.3740252197924976E-5 	 4.9261795075338725E-5 	 0.009182335068075857 	 8.343288393779827E-5 	 0.008819575222485729 	 8.539560188430057E-5 	 0.008810867377916363 	 8.528001966822496E-5 	 
1.1760000000000002 	 4.001639516852494E-5 	 3.0451035661060507E-5 	 0.008139473636279105 	 6.251921159681295E-5 	 0.007798353701186645 	 6.444086463171238E-5 	 0.007790676847633029 	 6.43280229435289E-5 	 
1.2000000000000002 	 3.298293428691396E-5 	 2.56776739847565E-5 	 0.006890076145757583 	 5.235636350856975E-5 	 0.006605558155263581 	 5.3842291180202566E-5 	 0.006599019271545166 	 5.3752349510571055E-5 	 
1.2240000000000002 	 2.8797302520076354E-5 	 2.2528597315058887E-5 	 0.006092245297917868 	 4.594730657752714E-5 	 0.005816148498737077 	 4.732242974951305E-5 	 0.0058104204456675655 	 4.72447510978457E-5 	 
1.2480000000000002 	 2.2746165440890268E-5 	 1.7919145158098146E-5 	 0.00473402793475729 	 3.66458079007558E-5 	 0.004555297920133726 	 3.778060523456413E-5 	 0.004550813029540907 	 3.7711273678554705E-5 	 
1.2720000000000002 	 2.081031473626166E-5 	 1.6397610543245737E-5 	 0.004411874040787153 	 3.3530315394879036E-5 	 0.0042143124856408335 	 3.445511006411448E-5 	 0.004210162449802073 	 3.4399928986990314E-5 	 
1.2960000000000003 	 1.6871586675357388E-5 	 1.328301261888205E-5 	 0.0035422187074206496 	 2.717565381650497E-5 	 0.003396828829641617 	 2.8055895036113592E-5 	 0.0033934928090554608 	 2.800695809623509E-5 	 
1.3200000000000003 	 1.4262481349124173E-5 	 1.126099653924206E-5 	 0.0029925896517417534 	 2.312206711520924E-5 	 0.002875832252062323 	 2.3801026149536442E-5 	 0.002873007765954019 	 2.3760219709405603E-5 	 
1.3440000000000003 	 1.3185750992045349E-5 	 1.039524432910517E-5 	 0.002818389116909555 	 2.1346647021547883E-5 	 0.002675069176006325 	 2.1951641242118646E-5 	 0.0026724726054276997 	 2.1914040156383004E-5 	 
1.3680000000000003 	 9.552372783713626E-6 	 7.514177573339885E-6 	 0.0019490183020147767 	 1.5618074523961755E-5 	 0.0018751488261722561 	 1.610164684921628E-5 	 0.0018733277889318133 	 1.6072761319458713E-5 	 
1.3920000000000003 	 8.598132157558424E-6 	 6.743550519731222E-6 	 0.001753818448543069 	 1.413258920738634E-5 	 0.001683366748626557 	 1.4531616507676524E-5 	 0.0016817399534491651 	 1.4508203851732587E-5 	 
1.4160000000000004 	 7.410763660185362E-6 	 5.827556284407562E-6 	 0.001503901312763139 	 1.2174888085849667E-5 	 0.0014423871416852896 	 1.2533177843031534E-5 	 0.0014409994912015763 	 1.2510787795461365E-5 	 
1.4400000000000004 	 6.209867376880815E-6 	 4.886826486152851E-6 	 0.001235601071518998 	 1.0241401049630687E-5 	 0.0011931108584596211 	 1.0524414370369715E-5 	 0.0011919512087115072 	 1.0507597070360322E-5 	 
1.4640000000000004 	 5.758047370746643E-6 	 4.511770911187999E-6 	 0.0011384053009531765 	 9.472730282609931E-6 	 0.001099710880671506 	 9.78270646987996E-6 	 0.0010986494528841396 	 9.764670969137057E-6 	 
1.4880000000000004 	 5.106747833194213E-6 	 4.011532370999054E-6 	 0.0010192343921913067 	 8.390581692949933E-6 	 9.88732468166537E-4 	 8.639226951148221E-6 	 9.87766709333194E-4 	 8.624283298143376E-6 	 
1.5120000000000005 	 4.996445090155564E-6 	 3.937985186098909E-6 	 0.0010451394896676836 	 8.084687713574489E-6 	 0.001001407101634814 	 8.324350118014227E-6 	 0.001000423244103459 	 8.310841293922202E-6 	 
1.5360000000000005 	 4.189776020065059E-6 	 3.307735812520851E-6 	 8.513113986967768E-4 	 6.818914281509695E-6 	 8.221432624175043E-4 	 7.043924795530449E-6 	 8.213391106136947E-4 	 7.030918883579636E-6 	 
1.5600000000000005 	 3.9103969470208776E-6 	 3.084114295463614E-6 	 8.147447847960665E-4 	 6.387661573294607E-6 	 7.815522297167864E-4 	 6.569281873018009E-6 	 7.807894895532218E-4 	 6.558144851500701E-6 	 
1.5840000000000005 	 3.359049605042275E-6 	 2.6454485621987833E-6 	 7.055127962487444E-4 	 5.454109233980196E-6 	 6.75330012922466E-4 	 5.617097599086226E-6 	 6.746680669885625E-4 	 5.607632746831398E-6 	 
1.6080000000000005 	 2.739894452895777E-6 	 2.160999863851276E-6 	 5.61936921736526E-4 	 4.445200067537148E-6 	 5.435124954111427E-4 	 4.579154815033668E-6 	 5.429739942189046E-4 	 4.572467581321951E-6 	 
1.6319999999999997 	 2.624405294884991E-6 	 2.073639598077347E-6 	 5.524763025872829E-4 	 4.2321177454429466E-6 	 5.293600394161467E-4 	 4.369836503419649E-6 	 5.288424636741616E-4 	 4.361542995306202E-6 	 
1.6559999999999997 	 2.2605971707762935E-6 	 1.793403737995149E-6 	 4.773495527063454E-4 	 3.6737788320932102E-6 	 4.5637402079028736E-4 	 3.7712242019417727E-6 	 4.5592547738921587E-4 	 3.7646511362090722E-6 	 
1.6799999999999997 	 1.8639262263807709E-6 	 1.4683588792463843E-6 	 3.847789398023176E-4 	 3.008767473819745E-6 	 3.7053409387514567E-4 	 3.1026561830516317E-6 	 3.7016688887711325E-4 	 3.0980932765889863E-6 	 
1.7039999999999997 	 1.5635338881487555E-6 	 1.2442208923287657E-6 	 3.183166717707344E-4 	 2.51655391418958E-6 	 3.1069588931405647E-4 	 2.600044709762984E-6 	 3.1038616165585006E-4 	 2.5951523816440043E-6 	 
1.7279999999999998 	 1.7261220484117584E-6 	 1.3796489506666554E-6 	 3.852608530499049E-4 	 2.764674446182045E-6 	 3.6487979121422915E-4 	 2.837710430554369E-6 	 3.645189715210527E-4 	 2.833080728173238E-6 	 
1.7519999999999998 	 1.2819471915963401E-6 	 1.0107866519980008E-6 	 2.755235521993683E-4 	 2.068405325256071E-6 	 2.6239187463773073E-4 	 2.1340465139244203E-6 	 2.6213470127340124E-4 	 2.1302702662406574E-6 	 
1.7759999999999998 	 9.151031118898481E-7 	 7.210963980263304E-7 	 1.9076847424924078E-4 	 1.4659069688832575E-6 	 1.8575686694619834E-4 	 1.510110749878806E-6 	 1.8556934962626022E-4 	 1.5075720071188114E-6 	 
1.7999999999999998 	 1.0159955532285555E-6 	 8.049389643194196E-7 	 2.2250986878836454E-4 	 1.610186452320885E-6 	 2.111316036110769E-4 	 1.6572527420638662E-6 	 2.1092319758007756E-4 	 1.654814794738862E-6 	 
1.8239999999999998 	 7.512124243908958E-7 	 5.939291349693444E-7 	 1.590634565627181E-4 	 1.208738754547639E-6 	 1.520787405427942E-4 	 1.2468799939452246E-6 	 1.5193013592240318E-4 	 1.2443733370194282E-6 	 
1.8479999999999999 	 6.242222362324827E-7 	 4.940112597549737E-7 	 1.3202694606970962E-4 	 1.0136522237019713E-6 	 1.2627945974504835E-4 	 1.0403003524961362E-6 	 1.2615426060603346E-4 	 1.0388359776776766E-6 	 
1.8719999999999999 	 5.080672654138147E-7 	 3.9603258684699133E-7 	 1.0180102137765863E-4 	 8.254217455124907E-7 	 9.888315777945458E-5 	 8.564071993855584E-7 	 9.878594114320627E-5 	 8.548059390552052E-7 	 
1.896 	 4.6677382071550464E-7 	 3.7274402300014704E-7 	 1.0168949001600647E-4 	 7.52386636055485E-7 	 9.795210171123835E-5 	 7.77227221206409E-7 	 9.785525042603625E-5 	 7.757725112978253E-7 	 
1.92 	 4.883390541177926E-7 	 3.859185588890912E-7 	 1.1279388458643413E-4 	 7.885103746756096E-7 	 1.0500888301899421E-4 	 8.060983308751115E-7 	 1.0490790082610782E-4 	 8.048549753512768E-7 	 
1.944 	 2.56575807219725E-7 	 2.0014668915552227E-7 	 5.1039324452385454E-5 	 4.2866213821062057E-7 	 4.8450320313779636E-5 	 4.3958633148534926E-7 	 4.8405117044010316E-5 	 4.3882883870439036E-7 	 
1.968 	 1.7437718753698772E-7 	 1.3621560550237847E-7 	 3.064702551345018E-5 	 2.9585120847272605E-7 	 3.033657260035992E-5 	 3.0143911826772325E-7 	 3.0307211131149174E-5 	 3.010839957486175E-7 	 
1.992 	 2.0948831463981727E-7 	 1.63200633999018E-7 	 3.733346011143415E-5 	 3.5299791743482014E-7 	 3.637957610231604E-5 	 3.6476388998863914E-7 	 3.634576882065372E-5 	 3.6384012935234723E-7 	 
2.016 	 1.786567998144317E-7 	 1.399537511897414E-7 	 3.239518821384869E-5 	 2.976523640586914E-7 	 3.252063475523874E-5 	 3.049249179946699E-7 	 3.2487364311302475E-5 	 3.045419171950909E-7 	 
2.04 	 2.1696150227626633E-7 	 1.710622229394462E-7 	 4.629631289561086E-5 	 3.3985662293538314E-7 	 4.5026003086698214E-5 	 3.5369634235423316E-7 	 4.497994586956126E-5 	 3.5311857963633076E-7 	 
2.064 	 2.2057817093612299E-7 	 1.7741414241596395E-7 	 4.7116904787848337E-5 	 3.504332703793242E-7 	 4.559827743290634E-5 	 3.61227097206205E-7 	 4.5552774997153956E-5 	 3.604437432250685E-7 	 
2.088 	 2.3554828355507875E-7 	 1.8744972000896753E-7 	 5.624441047592922E-5 	 3.712435091836946E-7 	 5.235650892787876E-5 	 3.810586075842951E-7 	 5.2305145341997025E-5 	 3.8047110775916065E-7 	 
2.112 	 1.214631365684266E-7 	 9.486766518777394E-8 	 2.5644990704531545E-5 	 1.995973553956233E-7 	 2.438035275649446E-5 	 2.0644047444112156E-7 	 2.435719025440792E-5 	 2.060783496592899E-7 	 
2.136 	 8.56140018856446E-8 	 6.745724439039601E-8 	 1.802804376018591E-5 	 1.4146116269073052E-7 	 1.729173664660153E-5 	 1.4473404856593714E-7 	 1.7274767870448044E-5 	 1.446366321551181E-7 	 
2.16 	 7.501808071199575E-8 	 6.00829571660079E-8 	 1.6610123139845605E-5 	 1.2235332545302639E-7 	 1.561731557962307E-5 	 1.2730922377072426E-7 	 1.5602731578585798E-5 	 1.2698302929761836E-7 	 
2.184 	 5.5976662269210566E-8 	 4.2705196621176615E-8 	 9.473174414738129E-6 	 9.873760085781873E-8 	 9.19050886113373E-6 	 1.0147684167859593E-7 	 9.182429132675365E-6 	 1.0119748110753008E-7 	 
2.208 	 5.227244872030823E-8 	 3.8780230584646626E-8 	 8.784522648854397E-6 	 8.841752931868693E-8 	 8.546883822291292E-6 	 9.077886028062374E-8 	 8.53907204129341E-6 	 9.076966753291579E-8 	 
2.232 	 2.596295511609912E-8 	 2.0738307430250616E-8 	 3.3836130425817932E-6 	 4.2488836482294444E-8 	 4.0287298460420155E-6 	 4.435968998634292E-8 	 4.02423478194399E-6 	 4.423643159435135E-8 	 
2.2560000000000002 	 8.070580239088704E-8 	 6.61739342706613E-8 	 1.7007963577349213E-5 	 1.3415527782665254E-7 	 1.6106424785899355E-5 	 1.3825664847652545E-7 	 1.6090767942341655E-5 	 1.380636830205509E-7 	 
2.2800000000000002 	 5.183368668149172E-8 	 4.0077726614055915E-8 	 9.815905813594945E-6 	 8.940913649698235E-8 	 9.689946805971137E-6 	 9.287053091541855E-8 	 9.680769764589927E-6 	 9.262229455604121E-8 	 
2.3040000000000003 	 4.630721298854324E-8 	 3.704470237181864E-8 	 1.0328396016776399E-5 	 7.180895415162777E-8 	 1.019856588966763E-5 	 7.366531351151343E-8 	 1.0187594725851819E-5 	 7.357334897769353E-8 	 
2.3280000000000003 	 6.87035036990425E-8 	 5.361372261104891E-8 	 1.6341518937381908E-5 	 1.0441603539155222E-7 	 1.5329297457313448E-5 	 1.0708390537403184E-7 	 1.5313761654212225E-5 	 1.0704587282416826E-7 	 
2.3520000000000003 	 3.860547333063889E-8 	 3.246728656901437E-8 	 8.790356524408834E-6 	 5.901954335683102E-8 	 8.321498245855051E-6 	 6.211313349046348E-8 	 8.313588287158398E-6 	 6.182840363963836E-8 	 
2.3760000000000003 	 3.7539341595503075E-8 	 3.000674529458134E-8 	 8.049887970856047E-6 	 6.385824917961145E-8 	 7.492609259070777E-6 	 6.260369193791506E-8 	 7.484898684893371E-6 	 6.259630277665892E-8 	 
2.4000000000000004 	 1.06063730561039E-8 	 8.182580202027765E-9 	 1.0795253323980004E-6 	 1.4311267007113205E-8 	 1.5156880686185997E-6 	 1.819549630634894E-8 	 1.5136741787642115E-6 	 1.813412110912298E-8 	 
2.4240000000000004 	 1.9050661467799162E-8 	 1.5094463637698566E-8 	 3.683078747240939E-6 	 2.91259431935076E-8 	 4.2632214118171835E-6 	 2.95877925868244E-8 	 4.25804659966302E-6 	 2.954915924140804E-8 	 
2.4480000000000004 	 7.901190206763662E-8 	 6.413378151517451E-8 	 2.1734425878889905E-5 	 1.1850818982171527E-7 	 1.959143627651872E-5 	 1.215317506749413E-7 	 1.9572177171857746E-5 	 1.213369568467239E-7 	 
2.4720000000000004 	 0.0 	 0.0 	 0.0 	 0.0 	 0.0 	 0.0 	 0.0 	 0.0 	 
2.4960000000000004 	 0.0 	 0.0 	 0.0 	 0.0 	 0.0 	 0.0 	 0.0 	 0.0 	 
2.5200000000000005 	 0.0 	 0.0 	 0.0 	 0.0 	 0.0 	 0.0 	 0.0 	 0.0 	 
2.5440000000000005 	 0.0 	 0.0 	 0.0 	 0.0 	 0.0 	 0.0 	 0.0 	 0.0 	 
2.5680000000000005 	 0.0 	 0.0 	 0.0 	 0.0 	 0.0 	 0.0 	 0.0 	 0.0 	 
2.5920000000000005 	 0.0 	 0.0 	 0.0 	 0.0 	 0.0 	 0.0 	 0.0 	 0.0 	 
2.6160000000000005 	 0.0 	 0.0 	 0.0 	 0.0 	 0.0 	 0.0 	 0.0 	 0.0 	 
2.6399999999999997 	 0.0 	 0.0 	 0.0 	 0.0 	 0.0 	 0.0 	 0.0 	 0.0 	 
2.6639999999999997 	 0.0 	 0.0 	 0.0 	 0.0 	 0.0 	 0.0 	 0.0 	 0.0 	 
2.6879999999999997 	 0.0 	 0.0 	 0.0 	 0.0 	 0.0 	 0.0 	 0.0 	 0.0 	 
2.7119999999999997 	 0.0 	 0.0 	 0.0 	 0.0 	 0.0 	 0.0 	 0.0 	 0.0 	 
2.7359999999999998 	 0.0 	 0.0 	 0.0 	 0.0 	 0.0 	 0.0 	 0.0 	 0.0 	 
2.76 	 0.0 	 0.0 	 0.0 	 0.0 	 0.0 	 0.0 	 0.0 	 0.0 	 
2.784 	 0.0 	 0.0 	 0.0 	 0.0 	 0.0 	 0.0 	 0.0 	 0.0 	 
2.808 	 0.0 	 0.0 	 0.0 	 0.0 	 0.0 	 0.0 	 0.0 	 0.0 	 
2.832 	 0.0 	 0.0 	 0.0 	 0.0 	 0.0 	 0.0 	 0.0 	 0.0 	 
2.856 	 0.0 	 0.0 	 0.0 	 0.0 	 0.0 	 0.0 	 0.0 	 0.0 	 
2.88 	 0.0 	 0.0 	 0.0 	 0.0 	 0.0 	 0.0 	 0.0 	 0.0 	 
2.904 	 0.0 	 0.0 	 0.0 	 0.0 	 0.0 	 0.0 	 0.0 	 0.0 	 
2.928 	 0.0 	 0.0 	 0.0 	 0.0 	 0.0 	 0.0 	 0.0 	 0.0 	 
2.952 	 0.0 	 0.0 	 0.0 	 0.0 	 0.0 	 0.0 	 0.0 	 0.0 	 
2.976 	 0.0 	 0.0 	 0.0 	 0.0 	 0.0 	 0.0 	 0.0 	 0.0 	 
