-3.0 	 1.2828608404373981E-5 	 1.2828608404373981E-5 	 3.835461816506168E-6 	 3.835461816506168E-6 	 4.292849863174823E-6 	 4.292849863174823E-6 	 1.2203357051478952E-5 	 1.2203357051478952E-5 	 
-2.976 	 6.122916065458094E-6 	 6.122916065458094E-6 	 4.271762741857255E-6 	 4.271762741857255E-6 	 4.5541556465334205E-6 	 4.5541556465334205E-6 	 1.0653056623341178E-5 	 1.0653056623341178E-5 	 
-2.952 	 1.3681988820689419E-5 	 1.3681988820689419E-5 	 4.266171837428546E-6 	 4.266171837428546E-6 	 4.687552556267552E-6 	 4.687552556267552E-6 	 1.1810058510438667E-5 	 1.1810058510438667E-5 	 
-2.928 	 1.4840873485857667E-5 	 1.4840873485857667E-5 	 4.091097449873591E-6 	 4.091097449873591E-6 	 4.583479314291487E-6 	 4.583479314291487E-6 	 1.0485974536811977E-5 	 1.0485974536811977E-5 	 
-2.904 	 1.0771069053923204E-5 	 1.0771069053923204E-5 	 5.131002297820698E-6 	 5.131002297820698E-6 	 5.57412318874413E-6 	 5.57412318874413E-6 	 1.2215395641072271E-5 	 1.2215395641072271E-5 	 
-2.88 	 9.301255555160744E-6 	 9.301255555160744E-6 	 5.2090153380889045E-6 	 5.2090153380889045E-6 	 5.476197952754964E-6 	 5.476197952754964E-6 	 1.1001371866491457E-5 	 1.1001371866491457E-5 	 
-2.856 	 1.0857083796672114E-5 	 1.0857083796672114E-5 	 7.136732205582372E-6 	 7.136732205582372E-6 	 7.372888153077961E-6 	 7.372888153077961E-6 	 1.2555533781943443E-5 	 1.2555533781943443E-5 	 
-2.832 	 2.149926462391391E-5 	 2.149926462391391E-5 	 7.988558602713041E-6 	 7.988558602713041E-6 	 8.179421275896975E-6 	 8.179421275896975E-6 	 1.4617088147170341E-5 	 1.4617088147170341E-5 	 
-2.808 	 1.8846849496498E-5 	 1.8846849496498E-5 	 8.097449026889187E-6 	 8.097449026889187E-6 	 8.291211429135119E-6 	 8.291211429135119E-6 	 1.6551524265501493E-5 	 1.6551524265501493E-5 	 
-2.784 	 1.0709599875618284E-5 	 1.0709599875618284E-5 	 9.38103498594826E-6 	 9.38103498594826E-6 	 9.333242295394101E-6 	 9.333242295394101E-6 	 1.916906389362366E-5 	 1.916906389362366E-5 	 
-2.76 	 1.4069927282451708E-5 	 1.4069927282451708E-5 	 7.485850669579911E-6 	 7.485850669579911E-6 	 7.689287591493014E-6 	 7.689287591493014E-6 	 1.939091829416354E-5 	 1.939091829416354E-5 	 
-2.7359999999999998 	 2.287882375751712E-5 	 2.287882375751712E-5 	 7.824743280193246E-6 	 7.824743280193246E-6 	 8.179424203313727E-6 	 8.179424203313727E-6 	 2.0533770457926328E-5 	 2.0533770457926328E-5 	 
-2.7119999999999997 	 1.900971017724108E-5 	 1.900971017724108E-5 	 7.843879741818291E-6 	 7.843879741818291E-6 	 8.107358360911001E-6 	 8.107358360911001E-6 	 1.968985204910172E-5 	 1.968985204910172E-5 	 
-2.688 	 1.2426581245194912E-5 	 1.2426581245194912E-5 	 8.08573825477457E-6 	 8.08573825477457E-6 	 8.262524742704365E-6 	 8.262524742704365E-6 	 1.8227043559586676E-5 	 1.8227043559586676E-5 	 
-2.664 	 9.801460632482256E-6 	 9.801460632482256E-6 	 5.974515950531865E-6 	 5.974515950531865E-6 	 6.445124312843725E-6 	 6.445124312843725E-6 	 1.810873420712754E-5 	 1.810873420712754E-5 	 
-2.64 	 3.341906593149851E-5 	 3.341906593149851E-5 	 5.7509825595821586E-6 	 5.7509825595821586E-6 	 6.682305134104714E-6 	 6.682305134104714E-6 	 2.224321207862791E-5 	 2.224321207862791E-5 	 
-2.616 	 3.639179780995534E-5 	 3.639179780995534E-5 	 5.300460459831784E-6 	 5.300460459831784E-6 	 6.2693445498153785E-6 	 6.2693445498153785E-6 	 2.425858670124028E-5 	 2.425858670124028E-5 	 
-2.592 	 1.777271839777245E-5 	 1.777271839777245E-5 	 5.471723295947413E-6 	 5.471723295947413E-6 	 6.4452679342838194E-6 	 6.4452679342838194E-6 	 2.647456093502589E-5 	 2.647456093502589E-5 	 
-2.568 	 2.26388854445587E-5 	 2.26388854445587E-5 	 5.820717069011244E-6 	 5.820717069011244E-6 	 6.9503529925663314E-6 	 6.9503529925663314E-6 	 3.0306419042760602E-5 	 3.0306419042760602E-5 	 
-2.544 	 2.0617032164944928E-5 	 2.0617032164944928E-5 	 5.8665508517813045E-6 	 5.8665508517813045E-6 	 7.204933342283855E-6 	 7.204933342283855E-6 	 3.3697140126978E-5 	 3.3697140126978E-5 	 
-2.52 	 3.039989436039501E-5 	 3.039989436039501E-5 	 6.243275060297724E-6 	 6.243275060297724E-6 	 7.644626024598949E-6 	 7.644626024598949E-6 	 3.270437682378404E-5 	 3.270437682378404E-5 	 
-2.496 	 4.606853333396096E-5 	 4.606853333396096E-5 	 8.173846812495415E-6 	 8.173846812495415E-6 	 9.679997748137552E-6 	 9.679997748137552E-6 	 3.5080497369742935E-5 	 3.5080497369742935E-5 	 
-2.472 	 4.991447085071638E-5 	 4.991447085071638E-5 	 9.924429390949653E-6 	 9.924429390949653E-6 	 1.1385948326582474E-5 	 1.1385948326582474E-5 	 3.71774790680509E-5 	 3.71774790680509E-5 	 
-2.448 	 3.7627851760227464E-5 	 3.7627851760227464E-5 	 1.1994425561047357E-5 	 1.1994425561047357E-5 	 1.3144177447181745E-5 	 1.3144177447181745E-5 	 3.532247764034669E-5 	 3.532247764034669E-5 	 
-2.424 	 2.700323359799099E-5 	 2.700323359799099E-5 	 1.2981755281356481E-5 	 1.2981755281356481E-5 	 1.398325789781763E-5 	 1.398325789781763E-5 	 4.017126717119858E-5 	 4.017126717119858E-5 	 
-2.4 	 4.648953313687683E-5 	 4.648953313687683E-5 	 1.4453494501138187E-5 	 1.4453494501138187E-5 	 1.564773367092189E-5 	 1.564773367092189E-5 	 4.1371380513926806E-5 	 4.1371380513926806E-5 	 
-2.376 	 4.880235467788456E-5 	 4.880235467788456E-5 	 1.4818508274443965E-5 	 1.4818508274443965E-5 	 1.6053901929369288E-5 	 1.6053901929369288E-5 	 4.354192553416426E-5 	 4.354192553416426E-5 	 
-2.352 	 4.680961114814244E-5 	 4.680961114814244E-5 	 1.6798918715488384E-5 	 1.6798918715488384E-5 	 1.7755704674508803E-5 	 1.7755704674508803E-5 	 4.347270116572884E-5 	 4.347270116572884E-5 	 
-2.328 	 3.4015573913841105E-5 	 3.4015573913841105E-5 	 1.8681813546551143E-5 	 1.8681813546551143E-5 	 1.941928941388467E-5 	 1.941928941388467E-5 	 4.7286677137540064E-5 	 4.7286677137540064E-5 	 
-2.304 	 3.867096047433121E-5 	 3.867096047433121E-5 	 1.874370420322256E-5 	 1.874370420322256E-5 	 1.970415758785377E-5 	 1.970415758785377E-5 	 4.4211090758120157E-5 	 4.4211090758120157E-5 	 
-2.2800000000000002 	 4.593738020343463E-5 	 4.593738020343463E-5 	 1.9051128152762353E-5 	 1.9051128152762353E-5 	 1.996448040395516E-5 	 1.996448040395516E-5 	 4.4706059152174256E-5 	 4.4706059152174256E-5 	 
-2.2560000000000002 	 5.576932363620406E-5 	 5.576932363620406E-5 	 1.9777307284637392E-5 	 1.9777307284637392E-5 	 2.0798839421740925E-5 	 2.0798839421740925E-5 	 4.597864899883179E-5 	 4.597864899883179E-5 	 
-2.232 	 4.469484802249131E-5 	 4.469484802249131E-5 	 2.0733159517181588E-5 	 2.0733159517181588E-5 	 2.1675213179318783E-5 	 2.1675213179318783E-5 	 4.603031914525726E-5 	 4.603031914525726E-5 	 
-2.208 	 4.748029699464059E-5 	 4.748029699464059E-5 	 2.0301574173075958E-5 	 2.0301574173075958E-5 	 2.1365665641093104E-5 	 2.1365665641093104E-5 	 4.526650740144863E-5 	 4.526650740144863E-5 	 
-2.184 	 5.19511963894054E-5 	 5.19511963894054E-5 	 2.0741568026423586E-5 	 2.0741568026423586E-5 	 2.1850696376671814E-5 	 2.1850696376671814E-5 	 4.429415651643188E-5 	 4.429415651643188E-5 	 
-2.16 	 6.1643874692049E-5 	 6.1643874692049E-5 	 1.9402312165745498E-5 	 1.9402312165745498E-5 	 2.0851388795184226E-5 	 2.0851388795184226E-5 	 4.617523416331648E-5 	 4.617523416331648E-5 	 
-2.136 	 5.566476954011146E-5 	 5.566476954011146E-5 	 1.9430155101266105E-5 	 1.9430155101266105E-5 	 2.118965782275709E-5 	 2.118965782275709E-5 	 5.058985295344014E-5 	 5.058985295344014E-5 	 
-2.112 	 7.392860853844465E-5 	 7.392860853844465E-5 	 1.7579288623432482E-5 	 1.7579288623432482E-5 	 2.0000003507139374E-5 	 2.0000003507139374E-5 	 5.967916308785075E-5 	 5.967916308785075E-5 	 
-2.088 	 7.678290574938557E-5 	 7.678290574938557E-5 	 2.0528771648351828E-5 	 2.0528771648351828E-5 	 2.289377976573458E-5 	 2.289377976573458E-5 	 5.7072191125004615E-5 	 5.7072191125004615E-5 	 
-2.064 	 7.291033830099974E-5 	 7.291033830099974E-5 	 2.062377979563964E-5 	 2.062377979563964E-5 	 2.305675320242005E-5 	 2.305675320242005E-5 	 6.165944485254053E-5 	 6.165944485254053E-5 	 
-2.04 	 9.432492382870504E-5 	 9.432492382870504E-5 	 2.2014805389570078E-5 	 2.2014805389570078E-5 	 2.4830791394036425E-5 	 2.4830791394036425E-5 	 5.873608351976152E-5 	 5.873608351976152E-5 	 
-2.016 	 8.916801511277346E-5 	 8.916801511277346E-5 	 2.574666972135938E-5 	 2.574666972135938E-5 	 2.817510042407868E-5 	 2.817510042407868E-5 	 5.94246004386722E-5 	 5.94246004386722E-5 	 
-1.992 	 7.304882692884363E-5 	 7.304882692884363E-5 	 2.719939299349344E-5 	 2.719939299349344E-5 	 2.9247737387878954E-5 	 2.9247737387878954E-5 	 6.134944210123E-5 	 6.134944210123E-5 	 
-1.968 	 7.762888772994702E-5 	 7.762888772994702E-5 	 2.912077569785902E-5 	 2.912077569785902E-5 	 3.143131756850938E-5 	 3.143131756850938E-5 	 6.193741925503724E-5 	 6.193741925503724E-5 	 
-1.944 	 8.08188411740008E-5 	 8.08188411740008E-5 	 3.256684281252356E-5 	 3.256684281252356E-5 	 3.4775250655120003E-5 	 3.4775250655120003E-5 	 6.343901102251649E-5 	 6.343901102251649E-5 	 
-1.92 	 1.0932670970762552E-4 	 1.0932670970762552E-4 	 3.539510669010362E-5 	 3.539510669010362E-5 	 3.745397004096271E-5 	 3.745397004096271E-5 	 6.241656515577876E-5 	 6.241656515577876E-5 	 
-1.896 	 1.1432650627733233E-4 	 1.1432650627733233E-4 	 3.673120624652678E-5 	 3.673120624652678E-5 	 3.8949956064184204E-5 	 3.8949956064184204E-5 	 6.455646729517678E-5 	 6.455646729517678E-5 	 
-1.8719999999999999 	 1.0076849350578841E-4 	 1.0076849350578841E-4 	 3.926639163524052E-5 	 3.926639163524052E-5 	 4.142438887654429E-5 	 4.142438887654429E-5 	 6.604771471793398E-5 	 6.604771471793398E-5 	 
-1.8479999999999999 	 1.477215416376856E-4 	 1.477215416376856E-4 	 3.781759603525939E-5 	 3.781759603525939E-5 	 4.051452240023558E-5 	 4.051452240023558E-5 	 6.887378264381812E-5 	 6.887378264381812E-5 	 
-1.824 	 1.7720747201956547E-4 	 1.7720747201956547E-4 	 3.847111667543336E-5 	 3.847111667543336E-5 	 4.1817164538322884E-5 	 4.1817164538322884E-5 	 7.511301570808002E-5 	 7.511301570808002E-5 	 
-1.8 	 1.7622879076663848E-4 	 1.7622879076663848E-4 	 4.22497693546835E-5 	 4.22497693546835E-5 	 4.542789203034762E-5 	 4.542789203034762E-5 	 7.969745405335693E-5 	 7.969745405335693E-5 	 
-1.776 	 1.6966804068250217E-4 	 1.6966804068250217E-4 	 4.296990780052512E-5 	 4.296990780052512E-5 	 4.596602099947157E-5 	 4.596602099947157E-5 	 7.973344402499249E-5 	 7.973344402499249E-5 	 
-1.752 	 1.718217901167493E-4 	 1.718217901167493E-4 	 4.74398362466588E-5 	 4.74398362466588E-5 	 5.010651386482347E-5 	 5.010651386482347E-5 	 7.905846900520279E-5 	 7.905846900520279E-5 	 
-1.728 	 1.8814205628822045E-4 	 1.8814205628822045E-4 	 5.5683116275834856E-5 	 5.5683116275834856E-5 	 5.7895252097768605E-5 	 5.7895252097768605E-5 	 8.130531199389701E-5 	 8.130531199389701E-5 	 
-1.704 	 2.2018071984125962E-4 	 2.2018071984125962E-4 	 5.5380953174755774E-5 	 5.5380953174755774E-5 	 5.728398909616198E-5 	 5.728398909616198E-5 	 8.3557747913398E-5 	 8.3557747913398E-5 	 
-1.68 	 1.8531877683422676E-4 	 1.8531877683422676E-4 	 5.7541331743234225E-5 	 5.7541331743234225E-5 	 5.8941679245023905E-5 	 5.8941679245023905E-5 	 7.92754545993465E-5 	 7.92754545993465E-5 	 
-1.656 	 2.2764819884670521E-4 	 2.2764819884670521E-4 	 6.0854332219589055E-5 	 6.0854332219589055E-5 	 6.280936933553115E-5 	 6.280936933553115E-5 	 9.018648906005456E-5 	 9.018648906005456E-5 	 
-1.632 	 2.973076047350632E-4 	 2.973076047350632E-4 	 5.6594214568664533E-5 	 5.6594214568664533E-5 	 5.982226373044726E-5 	 5.982226373044726E-5 	 1.0540685529359602E-4 	 1.0540685529359602E-4 	 
-1.6079999999999999 	 3.093940512533935E-4 	 3.093940512533935E-4 	 5.496604715813447E-5 	 5.496604715813447E-5 	 5.851449590047492E-5 	 5.851449590047492E-5 	 1.1181573552878898E-4 	 1.1181573552878898E-4 	 
-1.584 	 3.466076436110025E-4 	 3.466076436110025E-4 	 5.799550490756513E-5 	 5.799550490756513E-5 	 6.18388268011813E-5 	 6.18388268011813E-5 	 1.2472943870621414E-4 	 1.2472943870621414E-4 	 
-1.56 	 3.718852641237073E-4 	 3.718852641237073E-4 	 6.009136498406812E-5 	 6.009136498406812E-5 	 6.398273240724442E-5 	 6.398273240724442E-5 	 1.3108066909579385E-4 	 1.3108066909579385E-4 	 
-1.536 	 4.183809275546588E-4 	 4.183809275546588E-4 	 6.0676632487749335E-5 	 6.0676632487749335E-5 	 6.517614798085695E-5 	 6.517614798085695E-5 	 1.3852852564603385E-4 	 1.3852852564603385E-4 	 
-1.512 	 4.779922099382979E-4 	 4.779922099382979E-4 	 6.601821904541812E-5 	 6.601821904541812E-5 	 7.028780539866875E-5 	 7.028780539866875E-5 	 1.4943750470039504E-4 	 1.4943750470039504E-4 	 
-1.488 	 4.931639542360812E-4 	 4.931639542360812E-4 	 6.0446312677175876E-5 	 6.0446312677175876E-5 	 6.540752943947771E-5 	 6.540752943947771E-5 	 1.547587762913113E-4 	 1.547587762913113E-4 	 
-1.464 	 5.37474399970944E-4 	 5.37474399970944E-4 	 5.665271517827068E-5 	 5.665271517827068E-5 	 6.320033158758262E-5 	 6.320033158758262E-5 	 1.7244291808975502E-4 	 1.7244291808975502E-4 	 
-1.44 	 6.127910670342843E-4 	 6.127910670342843E-4 	 6.0547258798419484E-5 	 6.0547258798419484E-5 	 6.777651129849751E-5 	 6.777651129849751E-5 	 1.9258352281234308E-4 	 1.9258352281234308E-4 	 
-1.416 	 7.122022177406458E-4 	 7.122022177406458E-4 	 6.198943274084995E-5 	 6.198943274084995E-5 	 7.036503538371884E-5 	 7.036503538371884E-5 	 2.115082503011395E-4 	 2.115082503011395E-4 	 
-1.392 	 8.957941011036362E-4 	 8.957941011036362E-4 	 5.999592613919086E-5 	 5.999592613919086E-5 	 7.049773680093983E-5 	 7.049773680093983E-5 	 2.4333856421004227E-4 	 2.4333856421004227E-4 	 
-1.3679999999999999 	 9.745045160674859E-4 	 9.745045160674859E-4 	 6.338805853896131E-5 	 6.338805853896131E-5 	 7.491358291726619E-5 	 7.491358291726619E-5 	 2.618526637615745E-4 	 2.618526637615745E-4 	 
-1.3439999999999999 	 0.00105279451820837 	 0.00105279451820837 	 6.247693252350949E-5 	 6.247693252350949E-5 	 7.55767370569058E-5 	 7.55767370569058E-5 	 2.9414947758901803E-4 	 2.9414947758901803E-4 	 
-1.32 	 0.0012892891650867632 	 0.0012892891650867632 	 6.208689797436381E-5 	 6.208689797436381E-5 	 7.787557052957982E-5 	 7.787557052957982E-5 	 3.3226365820592614E-4 	 3.3226365820592614E-4 	 
-1.296 	 0.0014399728699646393 	 0.0014399728699646393 	 6.546833178631651E-5 	 6.546833178631651E-5 	 8.289356103827036E-5 	 8.289356103827036E-5 	 3.654732363362344E-4 	 3.654732363362344E-4 	 
-1.272 	 0.001561847939044833 	 0.001561847939044833 	 6.705223556765065E-5 	 6.705223556765065E-5 	 8.630947744579498E-5 	 8.630947744579498E-5 	 3.9830209118944175E-4 	 3.9830209118944175E-4 	 
-1.248 	 0.001850684437099299 	 0.001850684437099299 	 7.691426557616902E-5 	 7.691426557616902E-5 	 9.822763783006568E-5 	 9.822763783006568E-5 	 4.4805367386593507E-4 	 4.4805367386593507E-4 	 
-1.224 	 0.002043194300808538 	 0.002043194300808538 	 8.355724753899176E-5 	 8.355724753899176E-5 	 1.0695271512168076E-4 	 1.0695271512168076E-4 	 5.212432663680203E-4 	 5.212432663680203E-4 	 
-1.2 	 0.00242083442965281 	 0.00242083442965281 	 8.455838490814848E-5 	 8.455838490814848E-5 	 1.1368437772359661E-4 	 1.1368437772359661E-4 	 5.992874680168464E-4 	 5.992874680168464E-4 	 
-1.176 	 0.003079904764518279 	 0.003079904764518279 	 7.925410978405401E-5 	 7.925410978405401E-5 	 1.1583754959527494E-4 	 1.1583754959527494E-4 	 7.119823267873883E-4 	 7.119823267873883E-4 	 
-1.152 	 0.0032762717007954337 	 0.0032762717007954337 	 7.483382882409709E-5 	 7.483382882409709E-5 	 1.1579688499834602E-4 	 1.1579688499834602E-4 	 7.946449427685528E-4 	 7.946449427685528E-4 	 
-1.128 	 0.0038225665124342334 	 0.0038225665124342334 	 7.910886943176175E-5 	 7.910886943176175E-5 	 1.2757252857334281E-4 	 1.2757252857334281E-4 	 9.129533096787259E-4 	 9.129533096787259E-4 	 
-1.1039999999999999 	 0.0045549017384436865 	 0.0045549017384436865 	 8.1249433285453E-5 	 8.1249433285453E-5 	 1.3980236037970445E-4 	 1.3980236037970445E-4 	 0.0010690815377395481 	 0.0010690815377395481 	 
-1.08 	 0.005562516578339728 	 0.005562516578339728 	 9.302883926120242E-5 	 9.302883926120242E-5 	 1.628445567975672E-4 	 1.628445567975672E-4 	 0.0012797397439845333 	 0.0012797397439845333 	 
-1.056 	 0.006427130349480955 	 0.006427130349480955 	 9.999098035334214E-5 	 9.999098035334214E-5 	 1.813154811903076E-4 	 1.813154811903076E-4 	 0.001479795474301363 	 0.001479795474301363 	 
-1.032 	 0.007594002585426845 	 0.007594002585426845 	 1.0671440171838055E-4 	 1.0671440171838055E-4 	 2.0438355062792963E-4 	 2.0438355062792963E-4 	 0.001751888025835745 	 0.001751888025835745 	 
-1.008 	 0.009122574616071464 	 0.009122574616071464 	 1.1469007490582144E-4 	 1.1469007490582144E-4 	 2.3037178550129156E-4 	 2.3037178550129156E-4 	 0.0020757488718377046 	 0.0020757488718377046 	 
-0.984 	 0.010418294674086039 	 0.010418294674086039 	 1.2469476793657306E-4 	 1.2469476793657306E-4 	 2.5907039478523063E-4 	 2.5907039478523063E-4 	 0.0024510675049770566 	 0.0024510675049770566 	 
-0.96 	 0.012201949678957753 	 0.012201949678957753 	 1.3889354406561804E-4 	 1.3889354406561804E-4 	 2.9670335242249537E-4 	 2.9670335242249537E-4 	 0.002930975708737529 	 0.002930975708737529 	 
-0.9359999999999999 	 0.013908991958195342 	 0.013908991958195342 	 1.51050756024817E-4 	 1.51050756024817E-4 	 3.33136086979256E-4 	 3.33136086979256E-4 	 0.003527811545170328 	 0.003527811545170328 	 
-0.9119999999999999 	 0.015776637566687065 	 0.015776637566687065 	 1.6979703322909294E-4 	 1.6979703322909294E-4 	 3.7896683554438537E-4 	 3.7896683554438537E-4 	 0.004239631202093499 	 0.004239631202093499 	 
-0.8879999999999999 	 0.018158900465469606 	 0.018158900465469606 	 1.9490846596140004E-4 	 1.9490846596140004E-4 	 4.4106405443074877E-4 	 4.4106405443074877E-4 	 0.005216414109061838 	 0.005216414109061838 	 
-0.8639999999999999 	 0.02158346280841536 	 0.02158346280841536 	 2.2693876023212477E-4 	 2.2693876023212477E-4 	 5.213408134747897E-4 	 5.213408134747897E-4 	 0.006570593967790963 	 0.006570593967790963 	 
-0.8399999999999999 	 0.02429876486950274 	 0.02429876486950274 	 2.5818162627059735E-4 	 2.5818162627059735E-4 	 5.956797750929749E-4 	 5.956797750929749E-4 	 0.007981694568184275 	 0.007981694568184275 	 
-0.8159999999999998 	 0.027128905608635366 	 0.027128905608635366 	 2.9574442629986766E-4 	 2.9574442629986766E-4 	 6.799091003329352E-4 	 6.799091003329352E-4 	 0.009617053617408092 	 0.009617053617408092 	 
-0.7919999999999998 	 0.030029542045661366 	 0.030029542045661366 	 3.300423526271975E-4 	 3.300423526271975E-4 	 7.659308845341942E-4 	 7.659308845341942E-4 	 0.011573737800864565 	 0.011573737800864565 	 
-0.7679999999999998 	 0.03296621627108152 	 0.03296621627108152 	 3.723794990282002E-4 	 3.723794990282002E-4 	 8.666840159544905E-4 	 8.666840159544905E-4 	 0.013902663878626476 	 0.013902663878626476 	 
-0.7439999999999998 	 0.03629810850793629 	 0.03629810850793629 	 4.2999777197124826E-4 	 4.2999777197124826E-4 	 9.859351040881316E-4 	 9.859351040881316E-4 	 0.016464047462701206 	 0.016464047462701206 	 
-0.7199999999999998 	 0.03893910846131836 	 0.03893910846131836 	 4.7815944166388323E-4 	 4.7815944166388323E-4 	 0.0010945192593939386 	 0.0010945192593939386 	 0.019180812550930945 	 0.019180812550930945 	 
-0.6959999999999997 	 0.04163377121618529 	 0.04163377121618529 	 5.252657140522352E-4 	 5.252657140522352E-4 	 0.0012054922127197785 	 0.0012054922127197785 	 0.022104821796334675 	 0.022104821796334675 	 
-0.6720000000000002 	 0.04306712187749169 	 0.04306712187749169 	 5.632668373253786E-4 	 5.632668373253786E-4 	 0.001296726445119357 	 0.001296726445119357 	 0.024906162855110554 	 0.024906162855110554 	 
-0.6480000000000001 	 0.043785039596631325 	 0.043785039596631325 	 6.038786287660283E-4 	 6.038786287660283E-4 	 0.0013868615567834415 	 0.0013868615567834415 	 0.027549528705271484 	 0.027549528705271484 	 
-0.6240000000000001 	 0.04452926533414181 	 0.04452926533414181 	 6.488540848323923E-4 	 6.488540848323923E-4 	 0.001476652927571066 	 0.001476652927571066 	 0.029883133189658278 	 0.029883133189658278 	 
-0.6000000000000001 	 0.04350330510415251 	 0.04350330510415251 	 6.918762400738715E-4 	 6.918762400738715E-4 	 0.0015476653372149245 	 0.0015476653372149245 	 0.0318396651509814 	 0.0318396651509814 	 
-0.5760000000000001 	 0.04162102424280755 	 0.04162102424280755 	 7.363742228498023E-4 	 7.363742228498023E-4 	 0.0016179994349910655 	 0.0016179994349910655 	 0.03343470768528439 	 0.03343470768528439 	 
-0.552 	 0.04079383692381534 	 0.04079383692381534 	 7.818655347101175E-4 	 7.818655347101175E-4 	 0.0016911383525465122 	 0.0016911383525465122 	 0.03438911601995764 	 0.03438911601995764 	 
-0.528 	 0.0381021232477277 	 0.0381021232477277 	 8.289191918584728E-4 	 8.289191918584728E-4 	 0.0017501733015504676 	 0.0017501733015504676 	 0.034885967346193286 	 0.034885967346193286 	 
-0.504 	 0.035113282737237884 	 0.035113282737237884 	 8.742541373288848E-4 	 8.742541373288848E-4 	 0.001807133044684897 	 0.001807133044684897 	 0.034770990722966744 	 0.034770990722966744 	 
-0.48 	 0.03214361135020248 	 0.03214361135020248 	 9.344382370932909E-4 	 9.344382370932909E-4 	 0.0018779072136102224 	 0.0018779072136102224 	 0.03419110166983201 	 0.03419110166983201 	 
-0.45599999999999996 	 0.02883049825251245 	 0.02883049825251245 	 0.0010079512520107965 	 0.0010079512520107965 	 0.001960985838536941 	 0.001960985838536941 	 0.033263054248337226 	 0.033263054248337226 	 
-0.43199999999999994 	 0.02530472906179037 	 0.02530472906179037 	 0.0010863034661270125 	 0.0010863034661270125 	 0.0020519702633588197 	 0.0020519702633588197 	 0.03204601017529838 	 0.03204601017529838 	 
-0.4079999999999999 	 0.021992653992004032 	 0.021992653992004032 	 0.0012062575004363391 	 0.0012062575004363391 	 0.0021961794908034243 	 0.0021961794908034243 	 0.03055750028839487 	 0.03055750028839487 	 
-0.3839999999999999 	 0.019956289595200107 	 0.019956289595200107 	 0.0013533895838840088 	 0.0013533895838840088 	 0.002382352143511509 	 0.002382352143511509 	 0.029116348429049477 	 0.029116348429049477 	 
-0.3599999999999999 	 0.017611604835370102 	 0.017611604835370102 	 0.001526338283727465 	 0.001526338283727465 	 0.0025941425501563946 	 0.0025941425501563946 	 0.027461918218378116 	 0.027461918218378116 	 
-0.33599999999999985 	 0.014902972428723883 	 0.014902972428723883 	 0.0017476661337081675 	 0.0017476661337081675 	 0.0028646057805048982 	 0.0028646057805048982 	 0.025884297282867137 	 0.025884297282867137 	 
-0.31199999999999983 	 0.013005059860051344 	 0.013005059860051344 	 0.0020105496070626275 	 0.0020105496070626275 	 0.0031864843070101866 	 0.0031864843070101866 	 0.024229916674925505 	 0.024229916674925505 	 
-0.2879999999999998 	 0.011836839240295122 	 0.011836839240295122 	 0.0023503200151858365 	 0.0023503200151858365 	 0.0036016738945647145 	 0.0036016738945647145 	 0.022769661892233773 	 0.022769661892233773 	 
-0.2639999999999998 	 0.010398369813138455 	 0.010398369813138455 	 0.002774899136447967 	 0.002774899136447967 	 0.0041032363097296305 	 0.0041032363097296305 	 0.021278278751335828 	 0.021278278751335828 	 
-0.23999999999999977 	 0.009064739243840084 	 0.009064739243840084 	 0.0032760301131790786 	 0.0032760301131790786 	 0.004681100614653331 	 0.004681100614653331 	 0.01989531419516335 	 0.01989531419516335 	 
-0.21599999999999975 	 0.008115459011381988 	 0.008115459011381988 	 0.003908976216791258 	 0.003908976216791258 	 0.005405473068420355 	 0.005405473068420355 	 0.01864724985985968 	 0.01864724985985968 	 
-0.19199999999999973 	 0.007382380456590984 	 0.007382380456590984 	 0.004687589598124816 	 0.004687589598124816 	 0.0062701849326977765 	 0.0062701849326977765 	 0.017432726651971306 	 0.017432726651971306 	 
-0.16800000000000015 	 0.006338379885758767 	 0.006338379885758767 	 0.005611388776177489 	 0.005611388776177489 	 0.0072678718354699965 	 0.0072678718354699965 	 0.01625483012621145 	 0.01625483012621145 	 
-0.14400000000000013 	 0.005595118641070618 	 0.005595118641070618 	 0.006705744097587497 	 0.006705744097587497 	 0.008426643947317443 	 0.008426643947317443 	 0.015173763384755921 	 0.015173763384755921 	 
-0.1200000000000001 	 0.005037029125336625 	 0.005037029125336625 	 0.00806266252128952 	 0.00806266252128952 	 0.009838644939226086 	 0.009838644939226086 	 0.014216764790581498 	 0.014216764790581498 	 
-0.09600000000000009 	 0.0046244910740445575 	 0.0046244910740445575 	 0.009707257451104971 	 0.009707257451104971 	 0.011511484477130856 	 0.011511484477130856 	 0.013360840451530822 	 0.013360840451530822 	 
-0.07200000000000006 	 0.0042641273007375255 	 0.0042641273007375255 	 0.011552946577945217 	 0.011552946577945217 	 0.013355905872755596 	 0.013355905872755596 	 0.012612975444046281 	 0.012612975444046281 	 
-0.04800000000000004 	 0.003927015127888259 	 0.003927015127888259 	 0.013803218123409823 	 0.013803218123409823 	 0.015552747195489835 	 0.015552747195489835 	 0.01192866014451347 	 0.01192866014451347 	 
-0.02400000000000002 	 0.0034176662330843884 	 0.0034176662330843884 	 0.01635948244530908 	 0.01635948244530908 	 0.01799916312425592 	 0.01799916312425592 	 0.011302307111776126 	 0.011302307111776126 	 
0.0 	 0.002999387521692214 	 0.002999387521692214 	 0.019322715524645324 	 0.019322715524645324 	 0.020795606687352704 	 0.020795606687352704 	 0.010748553270971895 	 0.010748553270971895 	 
0.02400000000000002 	 0.0026305087040217542 	 0.0026305087040217542 	 0.022643936748274633 	 0.022643936748274633 	 0.02387654481857385 	 0.02387654481857385 	 0.01029823127389823 	 0.01029823127389823 	 
0.04800000000000004 	 0.002445682232162083 	 0.002445682232162083 	 0.026097079187657576 	 0.026097079187657576 	 0.027022279314517457 	 0.027022279314517457 	 0.009890714284951545 	 0.009890714284951545 	 
0.07200000000000006 	 0.0021903180304059353 	 0.0021903180304059353 	 0.02969163421622444 	 0.02969163421622444 	 0.0302674529224891 	 0.0302674529224891 	 0.009566545009697206 	 0.009566545009697206 	 
0.09600000000000009 	 0.001878389507120005 	 0.001878389507120005 	 0.033448870463026435 	 0.033448870463026435 	 0.03361068366636005 	 0.03361068366636005 	 0.009259835481120715 	 0.009259835481120715 	 
0.1200000000000001 	 0.001672869082681294 	 0.001672869082681294 	 0.0372699325110728 	 0.0372699325110728 	 0.03694827817621027 	 0.03694827817621027 	 0.00904518313227727 	 0.00904518313227727 	 
0.14400000000000013 	 0.001547788032038144 	 0.001547788032038144 	 0.04065198379193 	 0.04065198379193 	 0.0398368721914018 	 0.0398368721914018 	 0.008845381608598274 	 0.008845381608598274 	 
0.16800000000000015 	 0.0013819932694260073 	 0.0013819932694260073 	 0.04367023386201869 	 0.04367023386201869 	 0.04236755610056964 	 0.04236755610056964 	 0.008644133110389921 	 0.008644133110389921 	 
0.19200000000000017 	 0.001217941718849048 	 0.001217941718849048 	 0.046008655431756175 	 0.046008655431756175 	 0.04424146827445622 	 0.04424146827445622 	 0.008434711425550473 	 0.008434711425550473 	 
0.2160000000000002 	 0.0011115456911796975 	 0.0011115456911796975 	 0.04749343503527302 	 0.04749343503527302 	 0.04532992395867691 	 0.04532992395867691 	 0.008154115931515608 	 0.008154115931515608 	 
0.2400000000000002 	 9.960658765067732E-4 	 9.960658765067732E-4 	 0.04827969419850497 	 0.04827969419850497 	 0.04576973419771838 	 0.04576973419771838 	 0.007893439139778744 	 0.007893439139778744 	 
0.26400000000000023 	 8.654150978461274E-4 	 8.654150978461274E-4 	 0.047913342822120564 	 0.047913342822120564 	 0.045166178833409926 	 0.045166178833409926 	 0.007534146758709289 	 0.007534146758709289 	 
0.28800000000000026 	 7.630988958098866E-4 	 7.630988958098866E-4 	 0.04672695873873168 	 0.04672695873873168 	 0.04383960985414383 	 0.04383960985414383 	 0.007121481326153145 	 0.007121481326153145 	 
0.3120000000000003 	 6.738779720500226E-4 	 6.738779720500226E-4 	 0.044973694378152844 	 0.044973694378152844 	 0.042011255566778136 	 0.042011255566778136 	 0.006696151779614271 	 0.006696151779614271 	 
0.33599999999999985 	 6.336146232501889E-4 	 6.336146232501889E-4 	 0.04234754298760975 	 0.04234754298760975 	 0.039413206273193446 	 0.039413206273193446 	 0.006225463137885606 	 0.006225463137885606 	 
0.3599999999999999 	 5.562523577306961E-4 	 5.562523577306961E-4 	 0.03901995853661814 	 0.03901995853661814 	 0.03621985139897106 	 0.03621985139897106 	 0.005675814962981271 	 0.005675814962981271 	 
0.3839999999999999 	 4.8554706992068027E-4 	 4.8554706992068027E-4 	 0.03545291303055199 	 0.03545291303055199 	 0.032840472889175014 	 0.032840472889175014 	 0.005118610809771259 	 0.005118610809771259 	 
0.4079999999999999 	 4.21818957310565E-4 	 4.21818957310565E-4 	 0.03162312075295122 	 0.03162312075295122 	 0.02924641804866014 	 0.02924641804866014 	 0.004549062972359654 	 0.004549062972359654 	 
0.43199999999999994 	 3.401895108912826E-4 	 3.401895108912826E-4 	 0.02801245126517939 	 0.02801245126517939 	 0.02587620920532579 	 0.02587620920532579 	 0.004001197131371835 	 0.004001197131371835 	 
0.45599999999999996 	 3.037010217289478E-4 	 3.037010217289478E-4 	 0.024694143878814013 	 0.024694143878814013 	 0.02278560649356949 	 0.02278560649356949 	 0.0035280539051305952 	 0.0035280539051305952 	 
0.48 	 2.6196514527521565E-4 	 2.6196514527521565E-4 	 0.021555705502517963 	 0.021555705502517963 	 0.019875077958370884 	 0.019875077958370884 	 0.003078034754332549 	 0.003078034754332549 	 
0.504 	 2.535473312398062E-4 	 2.535473312398062E-4 	 0.01863814367946561 	 0.01863814367946561 	 0.017173893700840593 	 0.017173893700840593 	 0.002676346424600265 	 0.002676346424600265 	 
0.528 	 2.30414543718276E-4 	 2.30414543718276E-4 	 0.016098765496274852 	 0.016098765496274852 	 0.014828740303476718 	 0.014828740303476718 	 0.00231767264345585 	 0.00231767264345585 	 
0.552 	 1.8880695123728937E-4 	 1.8880695123728937E-4 	 0.013770935249050598 	 0.013770935249050598 	 0.012682910312521382 	 0.012682910312521382 	 0.0019898938962119904 	 0.0019898938962119904 	 
0.5760000000000001 	 1.5417620173158598E-4 	 1.5417620173158598E-4 	 0.011817873321076878 	 0.011817873321076878 	 0.010885202404053702 	 0.010885202404053702 	 0.0016981604212209583 	 0.0016981604212209583 	 
0.6000000000000001 	 1.2234460907045128E-4 	 1.2234460907045128E-4 	 0.010193656090965505 	 0.010193656090965505 	 0.009381978545171536 	 0.009381978545171536 	 0.0014675940734647079 	 0.0014675940734647079 	 
0.6240000000000001 	 1.1180584050399201E-4 	 1.1180584050399201E-4 	 0.00872993667690989 	 0.00872993667690989 	 0.00803289567401685 	 0.00803289567401685 	 0.0012582824410411566 	 0.0012582824410411566 	 
0.6480000000000001 	 8.576188464803704E-5 	 8.576188464803704E-5 	 0.007473310919662846 	 0.007473310919662846 	 0.0068751645489767334 	 0.0068751645489767334 	 0.0010827977119844349 	 0.0010827977119844349 	 
0.6720000000000002 	 7.504906928953638E-5 	 7.504906928953638E-5 	 0.006409230312796447 	 0.006409230312796447 	 0.005893378330927416 	 0.005893378330927416 	 9.316474667790526E-4 	 9.316474667790526E-4 	 
0.6960000000000002 	 6.618913338734384E-5 	 6.618913338734384E-5 	 0.005486293475097517 	 0.005486293475097517 	 0.005042550952028183 	 0.005042550952028183 	 8.049180744688666E-4 	 8.049180744688666E-4 	 
0.7200000000000002 	 5.2347046305153714E-5 	 5.2347046305153714E-5 	 0.004614130415535591 	 0.004614130415535591 	 0.004242625156261246 	 0.004242625156261246 	 6.845267568184321E-4 	 6.845267568184321E-4 	 
0.7440000000000002 	 5.3036703851351916E-5 	 5.3036703851351916E-5 	 0.0038878374634149946 	 0.0038878374634149946 	 0.0035773774326750152 	 0.0035773774326750152 	 5.784030681995925E-4 	 5.784030681995925E-4 	 
0.7680000000000002 	 3.956822921408237E-5 	 3.956822921408237E-5 	 0.0032594242699021236 	 0.0032594242699021236 	 0.0030003407857561236 	 0.0030003407857561236 	 4.8746710243486034E-4 	 4.8746710243486034E-4 	 
0.7920000000000003 	 3.7983348090687295E-5 	 3.7983348090687295E-5 	 0.0027796725504209445 	 0.0027796725504209445 	 0.002562124661352594 	 0.002562124661352594 	 4.1808542442894404E-4 	 4.1808542442894404E-4 	 
0.8160000000000003 	 3.4394106212406745E-5 	 3.4394106212406745E-5 	 0.0023729426902748115 	 0.0023729426902748115 	 0.002187538065690311 	 0.002187538065690311 	 3.606099606005043E-4 	 3.606099606005043E-4 	 
0.8399999999999999 	 2.6449761794613157E-5 	 2.6449761794613157E-5 	 0.0020229945194992 	 0.0020229945194992 	 0.0018662983057124672 	 0.0018662983057124672 	 3.0982213184509313E-4 	 3.0982213184509313E-4 	 
0.8639999999999999 	 2.1843516008295555E-5 	 2.1843516008295555E-5 	 0.0017161629331322648 	 0.0017161629331322648 	 0.0015842349501878782 	 0.0015842349501878782 	 2.661807215241051E-4 	 2.661807215241051E-4 	 
0.8879999999999999 	 2.2848302160515347E-5 	 2.2848302160515347E-5 	 0.0014581863902599162 	 0.0014581863902599162 	 0.0013486874296181923 	 0.0013486874296181923 	 2.2715299612411082E-4 	 2.2715299612411082E-4 	 
0.9119999999999999 	 1.754457421026165E-5 	 1.754457421026165E-5 	 0.0012454520481459711 	 0.0012454520481459711 	 0.0011528042209003402 	 0.0011528042209003402 	 1.935813797036734E-4 	 1.935813797036734E-4 	 
0.9359999999999999 	 2.3392637607115264E-5 	 2.3392637607115264E-5 	 0.0010832369249703156 	 0.0010832369249703156 	 0.001004259472223803 	 0.001004259472223803 	 1.6942553273723983E-4 	 1.6942553273723983E-4 	 
0.96 	 1.4154411284082497E-5 	 1.4154411284082497E-5 	 9.536143220799289E-4 	 9.536143220799289E-4 	 8.839343605793219E-4 	 8.839343605793219E-4 	 1.4887161308673675E-4 	 1.4887161308673675E-4 	 
0.984 	 1.0473414580012645E-5 	 1.0473414580012645E-5 	 8.131846240716243E-4 	 8.131846240716243E-4 	 7.543597928569225E-4 	 7.543597928569225E-4 	 1.2682964440924297E-4 	 1.2682964440924297E-4 	 
1.008 	 8.892989293197024E-6 	 8.892989293197024E-6 	 7.329346360973479E-4 	 7.329346360973479E-4 	 6.79849342367703E-4 	 6.79849342367703E-4 	 1.1208791566703751E-4 	 1.1208791566703751E-4 	 
1.032 	 8.39814939989721E-6 	 8.39814939989721E-6 	 6.587251388141701E-4 	 6.587251388141701E-4 	 6.100167533794497E-4 	 6.100167533794497E-4 	 1.020087576793571E-4 	 1.020087576793571E-4 	 
1.056 	 7.588988448098339E-6 	 7.588988448098339E-6 	 5.819231866840235E-4 	 5.819231866840235E-4 	 5.389489955074866E-4 	 5.389489955074866E-4 	 8.896274945307689E-5 	 8.896274945307689E-5 	 
1.08 	 7.335247133688453E-6 	 7.335247133688453E-6 	 5.030848019547647E-4 	 5.030848019547647E-4 	 4.65387518270446E-4 	 4.65387518270446E-4 	 7.926575057960375E-5 	 7.926575057960375E-5 	 
1.104 	 5.972716272862056E-6 	 5.972716272862056E-6 	 4.3817385842167113E-4 	 4.3817385842167113E-4 	 4.059731281974144E-4 	 4.059731281974144E-4 	 6.872616752943598E-5 	 6.872616752943598E-5 	 
1.1280000000000001 	 5.285494445330907E-6 	 5.285494445330907E-6 	 3.6992859642890366E-4 	 3.6992859642890366E-4 	 3.4327715268663164E-4 	 3.4327715268663164E-4 	 5.8973034311966794E-5 	 5.8973034311966794E-5 	 
1.1520000000000001 	 4.680512368569305E-6 	 4.680512368569305E-6 	 3.370131418425317E-4 	 3.370131418425317E-4 	 3.1284695854450997E-4 	 3.1284695854450997E-4 	 5.167032400037285E-5 	 5.167032400037285E-5 	 
1.1760000000000002 	 4.589978829336424E-6 	 4.589978829336424E-6 	 3.0784201263182816E-4 	 3.0784201263182816E-4 	 2.8463320899183833E-4 	 2.8463320899183833E-4 	 4.907730274150574E-5 	 4.907730274150574E-5 	 
1.2000000000000002 	 3.787634049216528E-6 	 3.787634049216528E-6 	 2.6283721080859354E-4 	 2.6283721080859354E-4 	 2.4352820432813464E-4 	 2.4352820432813464E-4 	 4.188732780566276E-5 	 4.188732780566276E-5 	 
1.2240000000000002 	 3.0973968637148136E-6 	 3.0973968637148136E-6 	 2.2839353712922306E-4 	 2.2839353712922306E-4 	 2.1176641903281873E-4 	 2.1176641903281873E-4 	 3.667405547642976E-5 	 3.667405547642976E-5 	 
1.2480000000000002 	 2.2031325584042976E-6 	 2.2031325584042976E-6 	 1.9112767148400184E-4 	 1.9112767148400184E-4 	 1.7770857007845664E-4 	 1.7770857007845664E-4 	 3.004277810815921E-5 	 3.004277810815921E-5 	 
1.2720000000000002 	 2.597215601012009E-6 	 2.597215601012009E-6 	 1.6688976076376525E-4 	 1.6688976076376525E-4 	 1.5552116498269996E-4 	 1.5552116498269996E-4 	 2.5725197441916815E-5 	 2.5725197441916815E-5 	 
1.2960000000000003 	 7.173131693853695E-6 	 7.173131693853695E-6 	 1.446810742760841E-4 	 1.446810742760841E-4 	 1.3501897902641854E-4 	 1.3501897902641854E-4 	 2.2814324101096427E-5 	 2.2814324101096427E-5 	 
1.3200000000000003 	 8.048651898223794E-6 	 8.048651898223794E-6 	 1.3334754045679135E-4 	 1.3334754045679135E-4 	 1.245656259538445E-4 	 1.245656259538445E-4 	 2.0363326445346677E-5 	 2.0363326445346677E-5 	 
1.3440000000000003 	 3.1213155549036804E-6 	 3.1213155549036804E-6 	 1.252915705316011E-4 	 1.252915705316011E-4 	 1.163404758954592E-4 	 1.163404758954592E-4 	 1.8791867200996197E-5 	 1.8791867200996197E-5 	 
1.3680000000000003 	 1.769660750657665E-6 	 1.769660750657665E-6 	 1.1746092136730185E-4 	 1.1746092136730185E-4 	 1.0876403494189648E-4 	 1.0876403494189648E-4 	 1.7592635084893807E-5 	 1.7592635084893807E-5 	 
1.3920000000000003 	 1.5897206646820409E-6 	 1.5897206646820409E-6 	 1.0592225666492722E-4 	 1.0592225666492722E-4 	 9.781171387505591E-5 	 9.781171387505591E-5 	 1.5623393664755287E-5 	 1.5623393664755287E-5 	 
1.4160000000000004 	 1.2560829744538432E-6 	 1.2560829744538432E-6 	 9.40519175251878E-5 	 9.40519175251878E-5 	 8.67183916945579E-5 	 8.67183916945579E-5 	 1.3753203096043716E-5 	 1.3753203096043716E-5 	 
1.4400000000000004 	 1.1349252761388002E-6 	 1.1349252761388002E-6 	 7.845961459960212E-5 	 7.845961459960212E-5 	 7.237357858615252E-5 	 7.237357858615252E-5 	 1.2127381427061588E-5 	 1.2127381427061588E-5 	 
1.4640000000000004 	 6.50836915321518E-7 	 6.50836915321518E-7 	 6.500696576043612E-5 	 6.500696576043612E-5 	 6.015476800012057E-5 	 6.015476800012057E-5 	 9.377620935630785E-6 	 9.377620935630785E-6 	 
1.4880000000000004 	 5.745885772408012E-7 	 5.745885772408012E-7 	 5.633112207012512E-5 	 5.633112207012512E-5 	 5.226026137133718E-5 	 5.226026137133718E-5 	 8.231292276352263E-6 	 8.231292276352263E-6 	 
1.5120000000000005 	 4.480834922597733E-7 	 4.480834922597733E-7 	 4.7405457251937666E-5 	 4.7405457251937666E-5 	 4.3970056539164654E-5 	 4.3970056539164654E-5 	 6.5098098458637525E-6 	 6.5098098458637525E-6 	 
1.5360000000000005 	 4.1818576483306935E-7 	 4.1818576483306935E-7 	 4.670744147405314E-5 	 4.670744147405314E-5 	 4.316952108551596E-5 	 4.316952108551596E-5 	 6.339371320446723E-6 	 6.339371320446723E-6 	 
1.5600000000000005 	 3.3067918449426945E-7 	 3.3067918449426945E-7 	 4.231213687663064E-5 	 4.231213687663064E-5 	 3.8801524821244416E-5 	 3.8801524821244416E-5 	 5.757883378466938E-6 	 5.757883378466938E-6 	 
1.5840000000000005 	 3.109992026586772E-7 	 3.109992026586772E-7 	 3.586186243887381E-5 	 3.586186243887381E-5 	 3.308032211313445E-5 	 3.308032211313445E-5 	 5.109135321067666E-6 	 5.109135321067666E-6 	 
1.6080000000000005 	 2.755426610826565E-7 	 2.755426610826565E-7 	 3.059398869127387E-5 	 3.059398869127387E-5 	 2.8237019166602984E-5 	 2.8237019166602984E-5 	 4.572419347332745E-6 	 4.572419347332745E-6 	 
1.6319999999999997 	 2.1726900753156324E-7 	 2.1726900753156324E-7 	 2.1168120251492765E-5 	 2.1168120251492765E-5 	 1.968032480967678E-5 	 1.968032480967678E-5 	 3.2545915796148906E-6 	 3.2545915796148906E-6 	 
1.6559999999999997 	 1.648978403426234E-7 	 1.648978403426234E-7 	 1.7207484058277416E-5 	 1.7207484058277416E-5 	 1.614958845157219E-5 	 1.614958845157219E-5 	 2.338781127868913E-6 	 2.338781127868913E-6 	 
1.6799999999999997 	 1.508561050679762E-7 	 1.508561050679762E-7 	 1.6861605263797764E-5 	 1.6861605263797764E-5 	 1.5837750774037284E-5 	 1.5837750774037284E-5 	 2.1963469167158538E-6 	 2.1963469167158538E-6 	 
1.7039999999999997 	 1.357341135388551E-7 	 1.357341135388551E-7 	 1.8157875434339477E-5 	 1.8157875434339477E-5 	 1.6890828122325545E-5 	 1.6890828122325545E-5 	 2.2068467699330004E-6 	 2.2068467699330004E-6 	 
1.7279999999999998 	 1.293438820233133E-7 	 1.293438820233133E-7 	 1.7343599180641145E-5 	 1.7343599180641145E-5 	 1.592312415242997E-5 	 1.592312415242997E-5 	 2.2715910269249424E-6 	 2.2715910269249424E-6 	 
1.7519999999999998 	 9.787278668354874E-8 	 9.787278668354874E-8 	 1.5127871827258931E-5 	 1.5127871827258931E-5 	 1.3838696461502116E-5 	 1.3838696461502116E-5 	 2.000264459554548E-6 	 2.000264459554548E-6 	 
1.7759999999999998 	 8.912041307853066E-8 	 8.912041307853066E-8 	 1.2109725517825387E-5 	 1.2109725517825387E-5 	 1.1170862268583422E-5 	 1.1170862268583422E-5 	 1.6311253887896402E-6 	 1.6311253887896402E-6 	 
1.7999999999999998 	 4.893806007934542E-8 	 4.893806007934542E-8 	 1.0442466943220564E-5 	 1.0442466943220564E-5 	 9.633736240772084E-6 	 9.633736240772084E-6 	 1.2589450150411923E-6 	 1.2589450150411923E-6 	 
1.8239999999999998 	 4.9664021257661914E-8 	 4.9664021257661914E-8 	 9.670182579727E-6 	 9.670182579727E-6 	 8.920814013294297E-6 	 8.920814013294297E-6 	 1.3283355207678887E-6 	 1.3283355207678887E-6 	 
1.8479999999999999 	 3.6860566688379165E-8 	 3.6860566688379165E-8 	 7.211679587330369E-6 	 7.211679587330369E-6 	 6.603236979800657E-6 	 6.603236979800657E-6 	 9.662798097300847E-7 	 9.662798097300847E-7 	 
1.8719999999999999 	 2.4165115895010328E-8 	 2.4165115895010328E-8 	 5.034351605046126E-6 	 5.034351605046126E-6 	 4.6907066680822646E-6 	 4.6907066680822646E-6 	 5.915591316966835E-7 	 5.915591316966835E-7 	 
1.896 	 2.541617060133375E-8 	 2.541617060133375E-8 	 5.892644256228355E-6 	 5.892644256228355E-6 	 5.468686388865091E-6 	 5.468686388865091E-6 	 6.195129089551677E-7 	 6.195129089551677E-7 	 
1.92 	 2.6830001659341282E-8 	 2.6830001659341282E-8 	 5.76681770451691E-6 	 5.76681770451691E-6 	 5.283217795520141E-6 	 5.283217795520141E-6 	 6.844464730735566E-7 	 6.844464730735566E-7 	 
1.944 	 2.3695092764048535E-8 	 2.3695092764048535E-8 	 5.184267552465332E-6 	 5.184267552465332E-6 	 4.702391124249551E-6 	 4.702391124249551E-6 	 6.101528881739771E-7 	 6.101528881739771E-7 	 
1.968 	 1.5828807138776763E-8 	 1.5828807138776763E-8 	 3.351559977225543E-6 	 3.351559977225543E-6 	 3.017458181476702E-6 	 3.017458181476702E-6 	 3.9124736593838866E-7 	 3.9124736593838866E-7 	 
1.992 	 1.5807882436173965E-8 	 1.5807882436173965E-8 	 4.066272417529018E-6 	 4.066272417529018E-6 	 3.698432611815742E-6 	 3.698432611815742E-6 	 3.905444673257593E-7 	 3.905444673257593E-7 	 
2.016 	 1.4730540434162029E-8 	 1.4730540434162029E-8 	 3.2543226947321963E-6 	 3.2543226947321963E-6 	 2.890246228486215E-6 	 2.890246228486215E-6 	 3.769562957398525E-7 	 3.769562957398525E-7 	 
2.04 	 1.46039013421801E-8 	 1.46039013421801E-8 	 3.564891141354588E-6 	 3.564891141354588E-6 	 3.1729704453874996E-6 	 3.1729704453874996E-6 	 4.1057095292382947E-7 	 4.1057095292382947E-7 	 
2.064 	 1.2721228808734531E-8 	 1.2721228808734531E-8 	 1.9250929645743695E-6 	 1.9250929645743695E-6 	 1.6519059233937342E-6 	 1.6519059233937342E-6 	 3.758922957161079E-7 	 3.758922957161079E-7 	 
2.088 	 0.0 	 0.0 	 0.0 	 0.0 	 0.0 	 0.0 	 0.0 	 0.0 	 
2.112 	 0.0 	 0.0 	 0.0 	 0.0 	 0.0 	 0.0 	 0.0 	 0.0 	 
2.136 	 0.0 	 0.0 	 0.0 	 0.0 	 0.0 	 0.0 	 0.0 	 0.0 	 
2.16 	 0.0 	 0.0 	 0.0 	 0.0 	 0.0 	 0.0 	 0.0 	 0.0 	 
2.184 	 0.0 	 0.0 	 0.0 	 0.0 	 0.0 	 0.0 	 0.0 	 0.0 	 
2.208 	 0.0 	 0.0 	 0.0 	 0.0 	 0.0 	 0.0 	 0.0 	 0.0 	 
2.232 	 0.0 	 0.0 	 0.0 	 0.0 	 0.0 	 0.0 	 0.0 	 0.0 	 
2.2560000000000002 	 0.0 	 0.0 	 0.0 	 0.0 	 0.0 	 0.0 	 0.0 	 0.0 	 
2.2800000000000002 	 0.0 	 0.0 	 0.0 	 0.0 	 0.0 	 0.0 	 0.0 	 0.0 	 
2.3040000000000003 	 0.0 	 0.0 	 0.0 	 0.0 	 0.0 	 0.0 	 0.0 	 0.0 	 
2.3280000000000003 	 0.0 	 0.0 	 0.0 	 0.0 	 0.0 	 0.0 	 0.0 	 0.0 	 
2.3520000000000003 	 0.0 	 0.0 	 0.0 	 0.0 	 0.0 	 0.0 	 0.0 	 0.0 	 
2.3760000000000003 	 0.0 	 0.0 	 0.0 	 0.0 	 0.0 	 0.0 	 0.0 	 0.0 	 
2.4000000000000004 	 0.0 	 0.0 	 0.0 	 0.0 	 0.0 	 0.0 	 0.0 	 0.0 	 
2.4240000000000004 	 0.0 	 0.0 	 0.0 	 0.0 	 0.0 	 0.0 	 0.0 	 0.0 	 
2.4480000000000004 	 0.0 	 0.0 	 0.0 	 0.0 	 0.0 	 0.0 	 0.0 	 0.0 	 
2.4720000000000004 	 0.0 	 0.0 	 0.0 	 0.0 	 0.0 	 0.0 	 0.0 	 0.0 	 
2.4960000000000004 	 0.0 	 0.0 	 0.0 	 0.0 	 0.0 	 0.0 	 0.0 	 0.0 	 
2.5200000000000005 	 0.0 	 0.0 	 0.0 	 0.0 	 0.0 	 0.0 	 0.0 	 0.0 	 
2.5440000000000005 	 0.0 	 0.0 	 0.0 	 0.0 	 0.0 	 0.0 	 0.0 	 0.0 	 
2.5680000000000005 	 0.0 	 0.0 	 0.0 	 0.0 	 0.0 	 0.0 	 0.0 	 0.0 	 
2.5920000000000005 	 0.0 	 0.0 	 0.0 	 0.0 	 0.0 	 0.0 	 0.0 	 0.0 	 
2.6160000000000005 	 0.0 	 0.0 	 0.0 	 0.0 	 0.0 	 0.0 	 0.0 	 0.0 	 
2.6399999999999997 	 0.0 	 0.0 	 0.0 	 0.0 	 0.0 	 0.0 	 0.0 	 0.0 	 
2.6639999999999997 	 0.0 	 0.0 	 0.0 	 0.0 	 0.0 	 0.0 	 0.0 	 0.0 	 
2.6879999999999997 	 0.0 	 0.0 	 0.0 	 0.0 	 0.0 	 0.0 	 0.0 	 0.0 	 
2.7119999999999997 	 0.0 	 0.0 	 0.0 	 0.0 	 0.0 	 0.0 	 0.0 	 0.0 	 
2.7359999999999998 	 0.0 	 0.0 	 0.0 	 0.0 	 0.0 	 0.0 	 0.0 	 0.0 	 
2.76 	 0.0 	 0.0 	 0.0 	 0.0 	 0.0 	 0.0 	 0.0 	 0.0 	 
2.784 	 0.0 	 0.0 	 0.0 	 0.0 	 0.0 	 0.0 	 0.0 	 0.0 	 
2.808 	 0.0 	 0.0 	 0.0 	 0.0 	 0.0 	 0.0 	 0.0 	 0.0 	 
2.832 	 0.0 	 0.0 	 0.0 	 0.0 	 0.0 	 0.0 	 0.0 	 0.0 	 
2.856 	 0.0 	 0.0 	 0.0 	 0.0 	 0.0 	 0.0 	 0.0 	 0.0 	 
2.88 	 0.0 	 0.0 	 0.0 	 0.0 	 0.0 	 0.0 	 0.0 	 0.0 	 
2.904 	 0.0 	 0.0 	 0.0 	 0.0 	 0.0 	 0.0 	 0.0 	 0.0 	 
2.928 	 0.0 	 0.0 	 0.0 	 0.0 	 0.0 	 0.0 	 0.0 	 0.0 	 
2.952 	 0.0 	 0.0 	 0.0 	 0.0 	 0.0 	 0.0 	 0.0 	 0.0 	 
2.976 	 0.0 	 0.0 	 0.0 	 0.0 	 0.0 	 0.0 	 0.0 	 0.0 	 
