-3.0 	 2.9180040359572143E-6 	 2.9180040359572143E-6 	 1.3464834239471627E-4 	 1.3464834239471627E-4 	 1.2815424960819168E-4 	 1.2815424960819168E-4 	 1.289574624187097E-4 	 1.289574624187097E-4 	 
-2.976 	 3.4645393063305653E-6 	 3.4645393063305653E-6 	 1.453575344576684E-4 	 1.453575344576684E-4 	 1.3948201981885775E-4 	 1.3948201981885775E-4 	 1.3685371481671703E-4 	 1.3685371481671703E-4 	 
-2.952 	 4.29748520534299E-6 	 4.29748520534299E-6 	 1.5763817918422324E-4 	 1.5763817918422324E-4 	 1.2997513834214872E-4 	 1.2997513834214872E-4 	 1.3628471644226386E-4 	 1.3628471644226386E-4 	 
-2.928 	 5.45694483112961E-6 	 5.45694483112961E-6 	 2.6107475649887014E-4 	 2.6107475649887014E-4 	 2.2861100485774687E-4 	 2.2861100485774687E-4 	 2.2263916885276432E-4 	 2.2263916885276432E-4 	 
-2.904 	 5.1006920951415375E-6 	 5.1006920951415375E-6 	 1.7364672401044197E-4 	 1.7364672401044197E-4 	 1.7037738738709076E-4 	 1.7037738738709076E-4 	 1.7070451592493877E-4 	 1.7070451592493877E-4 	 
-2.88 	 3.3937684288979018E-6 	 3.3937684288979018E-6 	 1.8980871340371208E-4 	 1.8980871340371208E-4 	 1.772262250532025E-4 	 1.772262250532025E-4 	 1.7621395789050247E-4 	 1.7621395789050247E-4 	 
-2.856 	 3.176474448484036E-6 	 3.176474448484036E-6 	 1.8847448454877225E-4 	 1.8847448454877225E-4 	 1.745658171936107E-4 	 1.745658171936107E-4 	 1.7458700350966828E-4 	 1.7458700350966828E-4 	 
-2.832 	 3.4186288385238746E-6 	 3.4186288385238746E-6 	 1.9707943953534496E-4 	 1.9707943953534496E-4 	 1.833581305783093E-4 	 1.833581305783093E-4 	 1.8197295673187815E-4 	 1.8197295673187815E-4 	 
-2.808 	 3.699910673103709E-6 	 3.699910673103709E-6 	 2.2386329429697653E-4 	 2.2386329429697653E-4 	 1.894834178274315E-4 	 1.894834178274315E-4 	 1.938138287932597E-4 	 1.938138287932597E-4 	 
-2.784 	 5.8979541083102894E-6 	 5.8979541083102894E-6 	 3.6346217030207105E-4 	 3.6346217030207105E-4 	 2.9298242066318816E-4 	 2.9298242066318816E-4 	 2.9541583607887604E-4 	 2.9541583607887604E-4 	 
-2.76 	 6.374688851575288E-6 	 6.374688851575288E-6 	 4.2515627370214194E-4 	 4.2515627370214194E-4 	 3.7172583471076995E-4 	 3.7172583471076995E-4 	 3.661319432917278E-4 	 3.661319432917278E-4 	 
-2.7359999999999998 	 6.452943985119395E-6 	 6.452943985119395E-6 	 3.296668451072585E-4 	 3.296668451072585E-4 	 3.194523465485566E-4 	 3.194523465485566E-4 	 3.1443949411199325E-4 	 3.1443949411199325E-4 	 
-2.7119999999999997 	 6.603728089251879E-6 	 6.603728089251879E-6 	 2.702685557818034E-4 	 2.702685557818034E-4 	 2.6077475963671125E-4 	 2.6077475963671125E-4 	 2.614990984648249E-4 	 2.614990984648249E-4 	 
-2.688 	 6.048899326605161E-6 	 6.048899326605161E-6 	 2.8982220766267066E-4 	 2.8982220766267066E-4 	 2.720161109175929E-4 	 2.720161109175929E-4 	 2.693306600910089E-4 	 2.693306600910089E-4 	 
-2.664 	 4.9756707279792885E-6 	 4.9756707279792885E-6 	 2.6028891473639753E-4 	 2.6028891473639753E-4 	 2.4486523195230164E-4 	 2.4486523195230164E-4 	 2.4466496624716286E-4 	 2.4466496624716286E-4 	 
-2.64 	 4.062106984967075E-6 	 4.062106984967075E-6 	 3.41747870115647E-4 	 3.41747870115647E-4 	 2.8158503521156386E-4 	 2.8158503521156386E-4 	 2.88841497275702E-4 	 2.88841497275702E-4 	 
-2.616 	 4.711363968940306E-6 	 4.711363968940306E-6 	 5.125239324915113E-4 	 5.125239324915113E-4 	 4.3109848825772964E-4 	 4.3109848825772964E-4 	 4.27621781656645E-4 	 4.27621781656645E-4 	 
-2.592 	 6.253378898993702E-6 	 6.253378898993702E-6 	 4.834704948017933E-4 	 4.834704948017933E-4 	 4.407110984259645E-4 	 4.407110984259645E-4 	 4.3660345816646303E-4 	 4.3660345816646303E-4 	 
-2.568 	 6.714207111465434E-6 	 6.714207111465434E-6 	 4.04340620003457E-4 	 4.04340620003457E-4 	 4.003364441439292E-4 	 4.003364441439292E-4 	 3.9317005271225506E-4 	 3.9317005271225506E-4 	 
-2.544 	 8.01792340693149E-6 	 8.01792340693149E-6 	 3.2697479853129534E-4 	 3.2697479853129534E-4 	 3.15731928371388E-4 	 3.15731928371388E-4 	 3.195859057850642E-4 	 3.195859057850642E-4 	 
-2.52 	 1.0330521355897072E-5 	 1.0330521355897072E-5 	 4.613429398100079E-4 	 4.613429398100079E-4 	 3.956126074190182E-4 	 3.956126074190182E-4 	 3.9876202726859855E-4 	 3.9876202726859855E-4 	 
-2.496 	 1.1717901246814748E-5 	 1.1717901246814748E-5 	 5.584479431379153E-4 	 5.584479431379153E-4 	 4.8852382269528E-4 	 4.8852382269528E-4 	 4.854776768512164E-4 	 4.854776768512164E-4 	 
-2.472 	 1.1533195959410782E-5 	 1.1533195959410782E-5 	 5.09604623973052E-4 	 5.09604623973052E-4 	 4.7929430535256437E-4 	 4.7929430535256437E-4 	 4.721940666765707E-4 	 4.721940666765707E-4 	 
-2.448 	 1.2084374490019557E-5 	 1.2084374490019557E-5 	 4.5851275540698057E-4 	 4.5851275540698057E-4 	 4.1891306742845543E-4 	 4.1891306742845543E-4 	 4.2329567017030566E-4 	 4.2329567017030566E-4 	 
-2.424 	 1.293217252545012E-5 	 1.293217252545012E-5 	 6.495044224035311E-4 	 6.495044224035311E-4 	 5.412605560603768E-4 	 5.412605560603768E-4 	 5.466855329554265E-4 	 5.466855329554265E-4 	 
-2.4 	 1.3806796240347908E-5 	 1.3806796240347908E-5 	 7.788765591856597E-4 	 7.788765591856597E-4 	 6.89610660409641E-4 	 6.89610660409641E-4 	 6.800332784010507E-4 	 6.800332784010507E-4 	 
-2.376 	 1.5542096325614417E-5 	 1.5542096325614417E-5 	 6.634885700078935E-4 	 6.634885700078935E-4 	 6.25338178676784E-4 	 6.25338178676784E-4 	 6.223606467537569E-4 	 6.223606467537569E-4 	 
-2.352 	 1.8328645230331415E-5 	 1.8328645230331415E-5 	 7.394786290967949E-4 	 7.394786290967949E-4 	 6.499927997280604E-4 	 6.499927997280604E-4 	 6.568622060226359E-4 	 6.568622060226359E-4 	 
-2.328 	 2.078360291463307E-5 	 2.078360291463307E-5 	 8.650656138615443E-4 	 8.650656138615443E-4 	 7.94165041924926E-4 	 7.94165041924926E-4 	 7.801672502484853E-4 	 7.801672502484853E-4 	 
-2.304 	 1.9302016968431803E-5 	 1.9302016968431803E-5 	 7.467862568486176E-4 	 7.467862568486176E-4 	 6.8559418318292E-4 	 6.8559418318292E-4 	 6.940609055043549E-4 	 6.940609055043549E-4 	 
-2.2800000000000002 	 1.8778074221469525E-5 	 1.8778074221469525E-5 	 9.656613783875039E-4 	 9.656613783875039E-4 	 8.529068841104688E-4 	 8.529068841104688E-4 	 8.475137487557054E-4 	 8.475137487557054E-4 	 
-2.2560000000000002 	 1.645501128095218E-5 	 1.645501128095218E-5 	 9.54664076790688E-4 	 9.54664076790688E-4 	 8.663010614700195E-4 	 8.663010614700195E-4 	 8.635353461934978E-4 	 8.635353461934978E-4 	 
-2.232 	 1.967849545622812E-5 	 1.967849545622812E-5 	 0.0010671966868032654 	 0.0010671966868032654 	 9.294763516874239E-4 	 9.294763516874239E-4 	 9.355353417784169E-4 	 9.355353417784169E-4 	 
-2.208 	 2.1654792445624243E-5 	 2.1654792445624243E-5 	 0.0012433522529420706 	 0.0012433522529420706 	 0.0011020089196257285 	 0.0011020089196257285 	 0.0010903421402067303 	 0.0010903421402067303 	 
-2.184 	 2.2115551700593935E-5 	 2.2115551700593935E-5 	 0.0011809693853274655 	 0.0011809693853274655 	 0.0010641861150513718 	 0.0010641861150513718 	 0.0010653328558891599 	 0.0010653328558891599 	 
-2.16 	 2.2203094723571642E-5 	 2.2203094723571642E-5 	 0.0012872533754113352 	 0.0012872533754113352 	 0.001163992831275565 	 0.001163992831275565 	 0.0011547287430120038 	 0.0011547287430120038 	 
-2.136 	 2.540260279227454E-5 	 2.540260279227454E-5 	 0.0012391482976400966 	 0.0012391482976400966 	 0.0011375436938818018 	 0.0011375436938818018 	 0.001134480390699199 	 0.001134480390699199 	 
-2.112 	 2.991797072614738E-5 	 2.991797072614738E-5 	 0.0013610730689232965 	 0.0013610730689232965 	 0.0012099669591838149 	 0.0012099669591838149 	 0.001213451067707904 	 0.001213451067707904 	 
-2.088 	 3.140651497289136E-5 	 3.140651497289136E-5 	 0.0014958254054166112 	 0.0014958254054166112 	 0.0013593716401532003 	 0.0013593716401532003 	 0.0013452378730680343 	 0.0013452378730680343 	 
-2.064 	 3.1315587773620974E-5 	 3.1315587773620974E-5 	 0.0014697307975058366 	 0.0014697307975058366 	 0.0013151603422677017 	 0.0013151603422677017 	 0.0013247586496937264 	 0.0013247586496937264 	 
-2.04 	 3.6746333045583364E-5 	 3.6746333045583364E-5 	 0.001808318545356907 	 0.001808318545356907 	 0.0015849505434081567 	 0.0015849505434081567 	 0.0015785512950690515 	 0.0015785512950690515 	 
-2.016 	 3.8554916772564456E-5 	 3.8554916772564456E-5 	 0.0018847994166875503 	 0.0018847994166875503 	 0.0016896892823295205 	 0.0016896892823295205 	 0.0016848409941367154 	 0.0016848409941367154 	 
-1.992 	 3.800679080144443E-5 	 3.800679080144443E-5 	 0.0019553686641658984 	 0.0019553686641658984 	 0.0017807553899987965 	 0.0017807553899987965 	 0.0017706536488078584 	 0.0017706536488078584 	 
-1.968 	 3.7754078542116887E-5 	 3.7754078542116887E-5 	 0.002024847346374841 	 0.002024847346374841 	 0.0018206108846368903 	 0.0018206108846368903 	 0.001823831760287028 	 0.001823831760287028 	 
-1.944 	 4.075992391039301E-5 	 4.075992391039301E-5 	 0.0022689453070787852 	 0.0022689453070787852 	 0.002036539876710637 	 0.002036539876710637 	 0.002026067930606207 	 0.002026067930606207 	 
-1.92 	 3.9790066672047606E-5 	 3.9790066672047606E-5 	 0.0023665395788055885 	 0.0023665395788055885 	 0.0021170908779748897 	 0.0021170908779748897 	 0.00211988530365512 	 0.00211988530365512 	 
-1.896 	 3.926699130435851E-5 	 3.926699130435851E-5 	 0.002750763205588827 	 0.002750763205588827 	 0.0024116566940657184 	 0.0024116566940657184 	 0.002413412479907057 	 0.002413412479907057 	 
-1.8719999999999999 	 3.80023961924733E-5 	 3.80023961924733E-5 	 0.0030341700054326826 	 0.0030341700054326826 	 0.0027118372398624337 	 0.0027118372398624337 	 0.002695379462524497 	 0.002695379462524497 	 
-1.8479999999999999 	 3.6360762809206043E-5 	 3.6360762809206043E-5 	 0.0030472258972879212 	 0.0030472258972879212 	 0.0027705790923049064 	 0.0027705790923049064 	 0.002763439839635109 	 0.002763439839635109 	 
-1.824 	 3.680299232981436E-5 	 3.680299232981436E-5 	 0.0034172659173457814 	 0.0034172659173457814 	 0.003007336589124608 	 0.003007336589124608 	 0.003021969421333946 	 0.003021969421333946 	 
-1.8 	 4.122495363981832E-5 	 4.122495363981832E-5 	 0.004057807544434383 	 0.004057807544434383 	 0.0035712733764388673 	 0.0035712733764388673 	 0.0035555630289006083 	 0.0035555630289006083 	 
-1.776 	 4.662029661230779E-5 	 4.662029661230779E-5 	 0.0042899150576274445 	 0.0042899150576274445 	 0.003803748783124091 	 0.003803748783124091 	 0.0038037510889122037 	 0.0038037510889122037 	 
-1.752 	 4.99594914886856E-5 	 4.99594914886856E-5 	 0.004802039250682049 	 0.004802039250682049 	 0.0042362746845615385 	 0.0042362746845615385 	 0.004226891229822414 	 0.004226891229822414 	 
-1.728 	 5.230279444627244E-5 	 5.230279444627244E-5 	 0.004989781569186659 	 0.004989781569186659 	 0.004522983544763582 	 0.004522983544763582 	 0.004488231964959133 	 0.004488231964959133 	 
-1.704 	 5.573709166062937E-5 	 5.573709166062937E-5 	 0.004986708665719782 	 0.004986708665719782 	 0.004503323557329924 	 0.004503323557329924 	 0.0045100785988231645 	 0.0045100785988231645 	 
-1.68 	 5.760501813654626E-5 	 5.760501813654626E-5 	 0.005841184038656104 	 0.005841184038656104 	 0.0051235348793687106 	 0.0051235348793687106 	 0.0051299574432263914 	 0.0051299574432263914 	 
-1.656 	 6.278767267487494E-5 	 6.278767267487494E-5 	 0.006471262204052396 	 0.006471262204052396 	 0.005792888885373587 	 0.005792888885373587 	 0.005754575353618322 	 0.005754575353618322 	 
-1.632 	 6.52194505573076E-5 	 6.52194505573076E-5 	 0.006602824927716013 	 0.006602824927716013 	 0.005927676483275822 	 0.005927676483275822 	 0.005934445787007063 	 0.005934445787007063 	 
-1.6079999999999999 	 7.337885672131946E-5 	 7.337885672131946E-5 	 0.007520214579255307 	 0.007520214579255307 	 0.006661523026310432 	 0.006661523026310432 	 0.006649060061997006 	 0.006649060061997006 	 
-1.584 	 7.533441305947171E-5 	 7.533441305947171E-5 	 0.008230067420719581 	 0.008230067420719581 	 0.007296284952715816 	 0.007296284952715816 	 0.007289714267709912 	 0.007289714267709912 	 
-1.56 	 8.328469575725781E-5 	 8.328469575725781E-5 	 0.008991508313545577 	 0.008991508313545577 	 0.008022455749037963 	 0.008022455749037963 	 0.007994810976556663 	 0.007994810976556663 	 
-1.536 	 8.825255731673826E-5 	 8.825255731673826E-5 	 0.009572841477057826 	 0.009572841477057826 	 0.008555948304100083 	 0.008555948304100083 	 0.008547627844744967 	 0.008547627844744967 	 
-1.512 	 9.409317638825415E-5 	 9.409317638825415E-5 	 0.010665356274406972 	 0.010665356274406972 	 0.009441618889393343 	 0.009441618889393343 	 0.0094377683136174 	 0.0094377683136174 	 
-1.488 	 1.0001226934949681E-4 	 1.0001226934949681E-4 	 0.01192933457901739 	 0.01192933457901739 	 0.010542182995695242 	 0.010542182995695242 	 0.010527617158487037 	 0.010527617158487037 	 
-1.464 	 1.036842664318738E-4 	 1.036842664318738E-4 	 0.013100898610153724 	 0.013100898610153724 	 0.01162260217999415 	 0.01162260217999415 	 0.011601491242177374 	 0.011601491242177374 	 
-1.44 	 1.0994116369071441E-4 	 1.0994116369071441E-4 	 0.01428192931824665 	 0.01428192931824665 	 0.01269983597748595 	 0.01269983597748595 	 0.01267762858911481 	 0.01267762858911481 	 
-1.416 	 1.0727886274961785E-4 	 1.0727886274961785E-4 	 0.015597405648844709 	 0.015597405648844709 	 0.013873465721399868 	 0.013873465721399868 	 0.013851478098689666 	 0.013851478098689666 	 
-1.392 	 1.1182212265881509E-4 	 1.1182212265881509E-4 	 0.01693350301604763 	 0.01693350301604763 	 0.015141586233285001 	 0.015141586233285001 	 0.01510029046523971 	 0.01510029046523971 	 
-1.3679999999999999 	 1.1879037448333024E-4 	 1.1879037448333024E-4 	 0.018524936833914055 	 0.018524936833914055 	 0.016417987549203504 	 0.016417987549203504 	 0.016439075732574148 	 0.016439075732574148 	 
-1.3439999999999999 	 1.339432425703492E-4 	 1.339432425703492E-4 	 0.020837025141507395 	 0.020837025141507395 	 0.01857140716681246 	 0.01857140716681246 	 0.018493373203584115 	 0.018493373203584115 	 
-1.32 	 1.407043627259158E-4 	 1.407043627259158E-4 	 0.021825038858576434 	 0.021825038858576434 	 0.019602304397942024 	 0.019602304397942024 	 0.019580735741250476 	 0.019580735741250476 	 
-1.296 	 1.5167779876913421E-4 	 1.5167779876913421E-4 	 0.023876567968583926 	 0.023876567968583926 	 0.02137834731836363 	 0.02137834731836363 	 0.021335701730185605 	 0.021335701730185605 	 
-1.272 	 1.5638066341722967E-4 	 1.5638066341722967E-4 	 0.025522994930597634 	 0.025522994930597634 	 0.023016578099010428 	 0.023016578099010428 	 0.022949398393689216 	 0.022949398393689216 	 
-1.248 	 1.618358013935536E-4 	 1.618358013935536E-4 	 0.0271186325399997 	 0.0271186325399997 	 0.024502176302087685 	 0.024502176302087685 	 0.02447544198145433 	 0.02447544198145433 	 
-1.224 	 1.7249182471955078E-4 	 1.7249182471955078E-4 	 0.02923677904935526 	 0.02923677904935526 	 0.02653508566994774 	 0.02653508566994774 	 0.026456200119283686 	 0.026456200119283686 	 
-1.2 	 1.7944985265830026E-4 	 1.7944985265830026E-4 	 0.030550699538698343 	 0.030550699538698343 	 0.027961901165108268 	 0.027961901165108268 	 0.02790048458223248 	 0.02790048458223248 	 
-1.176 	 1.85064578831079E-4 	 1.85064578831079E-4 	 0.03219857729448464 	 0.03219857729448464 	 0.02961657571943524 	 0.02961657571943524 	 0.02955649942068241 	 0.02955649942068241 	 
-1.152 	 1.905927109512718E-4 	 1.905927109512718E-4 	 0.03397251992351388 	 0.03397251992351388 	 0.03134846206416846 	 0.03134846206416846 	 0.0313048728857939 	 0.0313048728857939 	 
-1.128 	 2.0962712020507773E-4 	 2.0962712020507773E-4 	 0.035446747330457155 	 0.035446747330457155 	 0.03313815967125175 	 0.03313815967125175 	 0.03301619682940744 	 0.03301619682940744 	 
-1.1039999999999999 	 2.24428787950024E-4 	 2.24428787950024E-4 	 0.03541963354832226 	 0.03541963354832226 	 0.03361480158133943 	 0.03361480158133943 	 0.033529917788207145 	 0.033529917788207145 	 
-1.08 	 2.444623970583781E-4 	 2.444623970583781E-4 	 0.036303762705232084 	 0.036303762705232084 	 0.03441422213362326 	 0.03441422213362326 	 0.0343995400523883 	 0.0343995400523883 	 
-1.056 	 2.6245618184741955E-4 	 2.6245618184741955E-4 	 0.03754001128175519 	 0.03754001128175519 	 0.03590262703920097 	 0.03590262703920097 	 0.03577781166383312 	 0.03577781166383312 	 
-1.032 	 2.773686459281286E-4 	 2.773686459281286E-4 	 0.037006395822157576 	 0.037006395822157576 	 0.03578029618702845 	 0.03578029618702845 	 0.03574562740844581 	 0.03574562740844581 	 
-1.008 	 2.8881006916935814E-4 	 2.8881006916935814E-4 	 0.03720029573879775 	 0.03720029573879775 	 0.036275581231803244 	 0.036275581231803244 	 0.03615162256968485 	 0.03615162256968485 	 
-0.984 	 3.0172850708183623E-4 	 3.0172850708183623E-4 	 0.03529417726220848 	 0.03529417726220848 	 0.03515914919105611 	 0.03515914919105611 	 0.03504377142374153 	 0.03504377142374153 	 
-0.96 	 3.177931190081713E-4 	 3.177931190081713E-4 	 0.03330655720320825 	 0.03330655720320825 	 0.033583252212339425 	 0.033583252212339425 	 0.03351687750627742 	 0.03351687750627742 	 
-0.9359999999999999 	 3.3009711904408433E-4 	 3.3009711904408433E-4 	 0.03142556422117955 	 0.03142556422117955 	 0.03210111006023579 	 0.03210111006023579 	 0.03199437056677167 	 0.03199437056677167 	 
-0.9119999999999999 	 3.391204018395848E-4 	 3.391204018395848E-4 	 0.02859681108225546 	 0.02859681108225546 	 0.029718246011366144 	 0.029718246011366144 	 0.02965667228560198 	 0.02965667228560198 	 
-0.8879999999999999 	 3.5430518374022764E-4 	 3.5430518374022764E-4 	 0.02598715395414705 	 0.02598715395414705 	 0.027432040667445555 	 0.027432040667445555 	 0.027346786122343175 	 0.027346786122343175 	 
-0.8639999999999999 	 3.6318766984371766E-4 	 3.6318766984371766E-4 	 0.022757295341956196 	 0.022757295341956196 	 0.024548338960062137 	 0.024548338960062137 	 0.024497359226888105 	 0.024497359226888105 	 
-0.8399999999999999 	 3.7394089392310716E-4 	 3.7394089392310716E-4 	 0.019844966952103568 	 0.019844966952103568 	 0.021841477991294336 	 0.021841477991294336 	 0.021792509924094934 	 0.021792509924094934 	 
-0.8159999999999998 	 3.8384730127838515E-4 	 3.8384730127838515E-4 	 0.01673570912710161 	 0.01673570912710161 	 0.01896152396161085 	 0.01896152396161085 	 0.01892316793814069 	 0.01892316793814069 	 
-0.7919999999999998 	 4.003297365864694E-4 	 4.003297365864694E-4 	 0.0139963112766021 	 0.0139963112766021 	 0.016195570232787497 	 0.016195570232787497 	 0.016211445568872607 	 0.016211445568872607 	 
-0.7679999999999998 	 4.1556863606197837E-4 	 4.1556863606197837E-4 	 0.011923280856125852 	 0.011923280856125852 	 0.014086875382903806 	 0.014086875382903806 	 0.014066570154161991 	 0.014066570154161991 	 
-0.7439999999999998 	 4.3080935363736076E-4 	 4.3080935363736076E-4 	 0.00958677155812935 	 0.00958677155812935 	 0.011699866319344719 	 0.011699866319344719 	 0.011744665215715116 	 0.011744665215715116 	 
-0.7199999999999998 	 4.503264211683462E-4 	 4.503264211683462E-4 	 0.008453160156419741 	 0.008453160156419741 	 0.01030293525418119 	 0.01030293525418119 	 0.010334133852168562 	 0.010334133852168562 	 
-0.6959999999999997 	 4.6940609465104764E-4 	 4.6940609465104764E-4 	 0.007086128232993677 	 0.007086128232993677 	 0.00890003562740199 	 0.00890003562740199 	 0.008919107345675375 	 0.008919107345675375 	 
-0.6720000000000002 	 5.045547240188308E-4 	 5.045547240188308E-4 	 0.005693932711197821 	 0.005693932711197821 	 0.007466414597380603 	 0.007466414597380603 	 0.007505164181039979 	 0.007505164181039979 	 
-0.6480000000000001 	 5.297856259667057E-4 	 5.297856259667057E-4 	 0.004740344986800724 	 0.004740344986800724 	 0.0063828630442747504 	 0.0063828630442747504 	 0.006422213223868077 	 0.006422213223868077 	 
-0.6240000000000001 	 5.850520902140335E-4 	 5.850520902140335E-4 	 0.003942604676848682 	 0.003942604676848682 	 0.0054835975959286265 	 0.0054835975959286265 	 0.0055313115911824265 	 0.0055313115911824265 	 
-0.6000000000000001 	 6.255451546525698E-4 	 6.255451546525698E-4 	 0.00340460712557979 	 0.00340460712557979 	 0.004803940661827232 	 0.004803940661827232 	 0.004851750012427378 	 0.004851750012427378 	 
-0.5760000000000001 	 6.813549552504648E-4 	 6.813549552504648E-4 	 0.0029684996659718353 	 0.0029684996659718353 	 0.004275902815879844 	 0.004275902815879844 	 0.004320286643992706 	 0.004320286643992706 	 
-0.552 	 7.423058679294922E-4 	 7.423058679294922E-4 	 0.0025399150853267524 	 0.0025399150853267524 	 0.0037992963568473197 	 0.0037992963568473197 	 0.0038418760641066915 	 0.0038418760641066915 	 
-0.528 	 8.063243373980484E-4 	 8.063243373980484E-4 	 0.0021598385147289178 	 0.0021598385147289178 	 0.003347457068138487 	 0.003347457068138487 	 0.003393010919578182 	 0.003393010919578182 	 
-0.504 	 8.922505772804475E-4 	 8.922505772804475E-4 	 0.0018688817595251277 	 0.0018688817595251277 	 0.0030001229903200153 	 0.0030001229903200153 	 0.0030409304896689515 	 0.0030409304896689515 	 
-0.48 	 9.671879542465871E-4 	 9.671879542465871E-4 	 0.0015940667399003863 	 0.0015940667399003863 	 0.002653066432324496 	 0.002653066432324496 	 0.002699671273143029 	 0.002699671273143029 	 
-0.45599999999999996 	 0.00107621764960732 	 0.00107621764960732 	 0.0014321524318373232 	 0.0014321524318373232 	 0.0024448351053106927 	 0.0024448351053106927 	 0.00248280736493527 	 0.00248280736493527 	 
-0.43199999999999994 	 0.0011656191964219329 	 0.0011656191964219329 	 0.0011890421541940381 	 0.0011890421541940381 	 0.0021644903291189693 	 0.0021644903291189693 	 0.0022066211373036448 	 0.0022066211373036448 	 
-0.4079999999999999 	 0.0012970861488492168 	 0.0012970861488492168 	 0.001043682184555616 	 0.001043682184555616 	 0.001982091393137996 	 0.001982091393137996 	 0.002019337993377806 	 0.002019337993377806 	 
-0.3839999999999999 	 0.0014039196939422797 	 0.0014039196939422797 	 9.283165987576875E-4 	 9.283165987576875E-4 	 0.0017854996384836642 	 0.0017854996384836642 	 0.0018328568466884786 	 0.0018328568466884786 	 
-0.3599999999999999 	 0.0015597796030970366 	 0.0015597796030970366 	 9.469123907318577E-4 	 9.469123907318577E-4 	 0.0017648422095325478 	 0.0017648422095325478 	 0.0017946886423398976 	 0.0017946886423398976 	 
-0.33599999999999985 	 0.0017194453227692048 	 0.0017194453227692048 	 7.177977938149624E-4 	 7.177977938149624E-4 	 0.0015449986421481954 	 0.0015449986421481954 	 0.00158234056467761 	 0.00158234056467761 	 
-0.31199999999999983 	 0.0018818008379298515 	 0.0018818008379298515 	 6.452523868243351E-4 	 6.452523868243351E-4 	 0.001420250224630819 	 0.001420250224630819 	 0.00145472227673846 	 0.00145472227673846 	 
-0.2879999999999998 	 0.0021087781721423234 	 0.0021087781721423234 	 6.150815990385073E-4 	 6.150815990385073E-4 	 0.001335217795182764 	 0.001335217795182764 	 0.0013741649205034588 	 0.0013741649205034588 	 
-0.2639999999999998 	 0.0023188006091702526 	 0.0023188006091702526 	 6.01427090616799E-4 	 6.01427090616799E-4 	 0.001319321535294818 	 0.001319321535294818 	 0.0013409988064239117 	 0.0013409988064239117 	 
-0.23999999999999977 	 0.0025997831743837106 	 0.0025997831743837106 	 4.1132594798259746E-4 	 4.1132594798259746E-4 	 0.0011225502144725703 	 0.0011225502144725703 	 0.0011604649442503192 	 0.0011604649442503192 	 
-0.21599999999999975 	 0.0028978641259342665 	 0.0028978641259342665 	 4.853506526922231E-4 	 4.853506526922231E-4 	 0.0011396875909983897 	 0.0011396875909983897 	 0.0011655770094940495 	 0.0011655770094940495 	 
-0.19199999999999973 	 0.00325068974024128 	 0.00325068974024128 	 3.857295169116386E-4 	 3.857295169116386E-4 	 0.0010453095195716883 	 0.0010453095195716883 	 0.0010718139308126635 	 0.0010718139308126635 	 
-0.16800000000000015 	 0.003682888035069388 	 0.003682888035069388 	 3.4372811188339747E-4 	 3.4372811188339747E-4 	 9.764069122759748E-4 	 9.764069122759748E-4 	 0.0010034511675621482 	 0.0010034511675621482 	 
-0.14400000000000013 	 0.004189569315963321 	 0.004189569315963321 	 3.250250160975406E-4 	 3.250250160975406E-4 	 9.431406821142392E-4 	 9.431406821142392E-4 	 9.650358833131394E-4 	 9.650358833131394E-4 	 
-0.1200000000000001 	 0.004807755305651842 	 0.004807755305651842 	 2.748832936113317E-4 	 2.748832936113317E-4 	 8.762585015483266E-4 	 8.762585015483266E-4 	 9.016867303983828E-4 	 9.016867303983828E-4 	 
-0.09600000000000009 	 0.005555936950347434 	 0.005555936950347434 	 2.796138191769061E-4 	 2.796138191769061E-4 	 8.656517510817603E-4 	 8.656517510817603E-4 	 8.836915331409053E-4 	 8.836915331409053E-4 	 
-0.07200000000000006 	 0.006450428693436702 	 0.006450428693436702 	 2.1947809226612007E-4 	 2.1947809226612007E-4 	 7.982970780453804E-4 	 7.982970780453804E-4 	 8.214797720827334E-4 	 8.214797720827334E-4 	 
-0.04800000000000004 	 0.0075543293688277915 	 0.0075543293688277915 	 2.589102119238293E-4 	 2.589102119238293E-4 	 8.108179513959382E-4 	 8.108179513959382E-4 	 8.301929813541709E-4 	 8.301929813541709E-4 	 
-0.02400000000000002 	 0.008859537710350666 	 0.008859537710350666 	 2.514134719735161E-4 	 2.514134719735161E-4 	 7.937499012213921E-4 	 7.937499012213921E-4 	 8.120915496385917E-4 	 8.120915496385917E-4 	 
0.0 	 0.010536978736070816 	 0.010536978736070816 	 2.388475624960971E-4 	 2.388475624960971E-4 	 7.835133977565018E-4 	 7.835133977565018E-4 	 8.006376427234316E-4 	 8.006376427234316E-4 	 
0.02400000000000002 	 0.012516490318295066 	 0.012516490318295066 	 2.1194522105797214E-4 	 2.1194522105797214E-4 	 7.525830306715649E-4 	 7.525830306715649E-4 	 7.691603507013369E-4 	 7.691603507013369E-4 	 
0.04800000000000004 	 0.014934755706146809 	 0.014934755706146809 	 1.8798691110705638E-4 	 1.8798691110705638E-4 	 7.247789834702292E-4 	 7.247789834702292E-4 	 7.417461370281403E-4 	 7.417461370281403E-4 	 
0.07200000000000006 	 0.01777597451632578 	 0.01777597451632578 	 1.7777448768052106E-4 	 1.7777448768052106E-4 	 7.107681203949313E-4 	 7.107681203949313E-4 	 7.286850207322753E-4 	 7.286850207322753E-4 	 
0.09600000000000009 	 0.02108589652448066 	 0.02108589652448066 	 1.7743898420980527E-4 	 1.7743898420980527E-4 	 7.050990660322767E-4 	 7.050990660322767E-4 	 7.23094277679485E-4 	 7.23094277679485E-4 	 
0.1200000000000001 	 0.02477546810766 	 0.02477546810766 	 1.5902149099180057E-4 	 1.5902149099180057E-4 	 6.919573320709556E-4 	 6.919573320709556E-4 	 7.10082722737775E-4 	 7.10082722737775E-4 	 
0.14400000000000013 	 0.02866782125169645 	 0.02866782125169645 	 1.409487520196096E-4 	 1.409487520196096E-4 	 6.717936376446665E-4 	 6.717936376446665E-4 	 6.935720274598073E-4 	 6.935720274598073E-4 	 
0.16800000000000015 	 0.0327021356338805 	 0.0327021356338805 	 1.5056872690687571E-4 	 1.5056872690687571E-4 	 6.79197660770261E-4 	 6.79197660770261E-4 	 7.019422037809798E-4 	 7.019422037809798E-4 	 
0.19200000000000017 	 0.03663933968869887 	 0.03663933968869887 	 1.5050835398619535E-4 	 1.5050835398619535E-4 	 6.747263474909945E-4 	 6.747263474909945E-4 	 7.008706620572234E-4 	 7.008706620572234E-4 	 
0.2160000000000002 	 0.040374742395349154 	 0.040374742395349154 	 1.636470135895028E-4 	 1.636470135895028E-4 	 6.880865284849349E-4 	 6.880865284849349E-4 	 7.149863381823837E-4 	 7.149863381823837E-4 	 
0.2400000000000002 	 0.0434568383893708 	 0.0434568383893708 	 1.5656779380492818E-4 	 1.5656779380492818E-4 	 6.682090667416362E-4 	 6.682090667416362E-4 	 7.00160173704623E-4 	 7.00160173704623E-4 	 
0.26400000000000023 	 0.04609868100547331 	 0.04609868100547331 	 2.107869491287039E-4 	 2.107869491287039E-4 	 6.988564169032219E-4 	 6.988564169032219E-4 	 7.332788379001344E-4 	 7.332788379001344E-4 	 
0.28800000000000026 	 0.04777131735203534 	 0.04777131735203534 	 2.2685654659026673E-4 	 2.2685654659026673E-4 	 7.104712419226131E-4 	 7.104712419226131E-4 	 7.432806406495705E-4 	 7.432806406495705E-4 	 
0.3120000000000003 	 0.048503398019902694 	 0.048503398019902694 	 1.7738473624059366E-4 	 1.7738473624059366E-4 	 6.568452264809994E-4 	 6.568452264809994E-4 	 6.941441550020452E-4 	 6.941441550020452E-4 	 
0.33599999999999985 	 0.04819079408884316 	 0.04819079408884316 	 1.6589024897213997E-4 	 1.6589024897213997E-4 	 6.184701090030568E-4 	 6.184701090030568E-4 	 6.579677216735635E-4 	 6.579677216735635E-4 	 
0.3599999999999999 	 0.04690235447811953 	 0.04690235447811953 	 1.6260879011271463E-4 	 1.6260879011271463E-4 	 5.863413142466031E-4 	 5.863413142466031E-4 	 6.24700430718992E-4 	 6.24700430718992E-4 	 
0.3839999999999999 	 0.04494220762454675 	 0.04494220762454675 	 1.4388951607679135E-4 	 1.4388951607679135E-4 	 5.393063872621743E-4 	 5.393063872621743E-4 	 5.794955458213581E-4 	 5.794955458213581E-4 	 
0.4079999999999999 	 0.04223819224545103 	 0.04223819224545103 	 1.5420206964518332E-4 	 1.5420206964518332E-4 	 5.108460122267212E-4 	 5.108460122267212E-4 	 5.494784322985014E-4 	 5.494784322985014E-4 	 
0.43199999999999994 	 0.03902917645185483 	 0.03902917645185483 	 1.5335050650390193E-4 	 1.5335050650390193E-4 	 4.78922404548655E-4 	 4.78922404548655E-4 	 5.164566871806871E-4 	 5.164566871806871E-4 	 
0.45599999999999996 	 0.03519890898121608 	 0.03519890898121608 	 1.372045027751454E-4 	 1.372045027751454E-4 	 4.289420205197482E-4 	 4.289420205197482E-4 	 4.645848878748357E-4 	 4.645848878748357E-4 	 
0.48 	 0.03116713907027917 	 0.03116713907027917 	 1.2087239867528928E-4 	 1.2087239867528928E-4 	 3.813000987583333E-4 	 3.813000987583333E-4 	 4.132792456912146E-4 	 4.132792456912146E-4 	 
0.504 	 0.027323079778220724 	 0.027323079778220724 	 9.78183552107684E-5 	 9.78183552107684E-5 	 3.2589111386285277E-4 	 3.2589111386285277E-4 	 3.5523148050227096E-4 	 3.5523148050227096E-4 	 
0.528 	 0.023904950243011973 	 0.023904950243011973 	 9.94126890579382E-5 	 9.94126890579382E-5 	 2.915829140869712E-4 	 2.915829140869712E-4 	 3.175299875921692E-4 	 3.175299875921692E-4 	 
0.552 	 0.020805258229798545 	 0.020805258229798545 	 9.417712276251085E-5 	 9.417712276251085E-5 	 2.6593090770144623E-4 	 2.6593090770144623E-4 	 2.8706927766334835E-4 	 2.8706927766334835E-4 	 
0.5760000000000001 	 0.017954039117192285 	 0.017954039117192285 	 6.02342672885177E-5 	 6.02342672885177E-5 	 2.1270487231335317E-4 	 2.1270487231335317E-4 	 2.3282071983802283E-4 	 2.3282071983802283E-4 	 
0.6000000000000001 	 0.015501045825658559 	 0.015501045825658559 	 6.095633642755239E-5 	 6.095633642755239E-5 	 1.8741314047334578E-4 	 1.8741314047334578E-4 	 2.0446896500187452E-4 	 2.0446896500187452E-4 	 
0.6240000000000001 	 0.01348547045221359 	 0.01348547045221359 	 5.658981397846211E-5 	 5.658981397846211E-5 	 1.6822924775992246E-4 	 1.6822924775992246E-4 	 1.8204827878174398E-4 	 1.8204827878174398E-4 	 
0.6480000000000001 	 0.011695811156449796 	 0.011695811156449796 	 3.701557957636119E-5 	 3.701557957636119E-5 	 1.363587628142938E-4 	 1.363587628142938E-4 	 1.4897215813679067E-4 	 1.4897215813679067E-4 	 
0.6720000000000002 	 0.010183977470194172 	 0.010183977470194172 	 3.136366505738034E-5 	 3.136366505738034E-5 	 1.1686591267436264E-4 	 1.1686591267436264E-4 	 1.2743690153215931E-4 	 1.2743690153215931E-4 	 
0.6960000000000002 	 0.008976976162224558 	 0.008976976162224558 	 3.265040412850465E-5 	 3.265040412850465E-5 	 1.040352097139248E-4 	 1.040352097139248E-4 	 1.1379918869724461E-4 	 1.1379918869724461E-4 	 
0.7200000000000002 	 0.007943059615196637 	 0.007943059615196637 	 4.1363798156817044E-5 	 4.1363798156817044E-5 	 1.023170203172718E-4 	 1.023170203172718E-4 	 1.1024757529379957E-4 	 1.1024757529379957E-4 	 
0.7440000000000002 	 0.006904714161400871 	 0.006904714161400871 	 2.949030068075649E-5 	 2.949030068075649E-5 	 8.66855309916762E-5 	 8.66855309916762E-5 	 9.402325600890314E-5 	 9.402325600890314E-5 	 
0.7680000000000002 	 0.005814314171589698 	 0.005814314171589698 	 1.9160515492427047E-5 	 1.9160515492427047E-5 	 6.850682870625455E-5 	 6.850682870625455E-5 	 7.532284469005058E-5 	 7.532284469005058E-5 	 
0.7920000000000003 	 0.004867244817330113 	 0.004867244817330113 	 1.5786364582144467E-5 	 1.5786364582144467E-5 	 5.636685388405296E-5 	 5.636685388405296E-5 	 6.199665062899733E-5 	 6.199665062899733E-5 	 
0.8160000000000003 	 0.004121518510058425 	 0.004121518510058425 	 1.3019269384891706E-5 	 1.3019269384891706E-5 	 4.7718616594928266E-5 	 4.7718616594928266E-5 	 5.227033893179914E-5 	 5.227033893179914E-5 	 
0.8399999999999999 	 0.003510166168336705 	 0.003510166168336705 	 1.1413574912399893E-5 	 1.1413574912399893E-5 	 4.106852314097418E-5 	 4.106852314097418E-5 	 4.512510651674357E-5 	 4.512510651674357E-5 	 
0.8639999999999999 	 0.002947470514897863 	 0.002947470514897863 	 9.421711294709732E-6 	 9.421711294709732E-6 	 3.458603152447752E-5 	 3.458603152447752E-5 	 3.792506361846674E-5 	 3.792506361846674E-5 	 
0.8879999999999999 	 0.0025426045151441742 	 0.0025426045151441742 	 7.98442922658789E-6 	 7.98442922658789E-6 	 3.0142106253137145E-5 	 3.0142106253137145E-5 	 3.2898195377814414E-5 	 3.2898195377814414E-5 	 
0.9119999999999999 	 0.0021866916595756985 	 0.0021866916595756985 	 6.8961633526786015E-6 	 6.8961633526786015E-6 	 2.5949853863547896E-5 	 2.5949853863547896E-5 	 2.8372280346664718E-5 	 2.8372280346664718E-5 	 
0.9359999999999999 	 0.001879827149861231 	 0.001879827149861231 	 6.1583342764981E-6 	 6.1583342764981E-6 	 2.24572474573383E-5 	 2.24572474573383E-5 	 2.469174957232466E-5 	 2.469174957232466E-5 	 
0.96 	 0.0015877227680111336 	 0.0015877227680111336 	 5.01606627388653E-6 	 5.01606627388653E-6 	 1.9157898979398945E-5 	 1.9157898979398945E-5 	 2.088364721149411E-5 	 2.088364721149411E-5 	 
0.984 	 0.0013594533632168202 	 0.0013594533632168202 	 4.345502162097338E-6 	 4.345502162097338E-6 	 1.636256633326235E-5 	 1.636256633326235E-5 	 1.7918310844627975E-5 	 1.7918310844627975E-5 	 
1.008 	 0.0011872012158081488 	 0.0011872012158081488 	 6.401439348901992E-6 	 6.401439348901992E-6 	 1.5216156494726064E-5 	 1.5216156494726064E-5 	 1.681185102149032E-5 	 1.681185102149032E-5 	 
1.032 	 0.0010452138791620478 	 0.0010452138791620478 	 1.0248866273034279E-5 	 1.0248866273034279E-5 	 1.81906867347276E-5 	 1.81906867347276E-5 	 1.8827983219841045E-5 	 1.8827983219841045E-5 	 
1.056 	 9.305254953953988E-4 	 9.305254953953988E-4 	 3.1634783265849824E-6 	 3.1634783265849824E-6 	 1.2226143362932121E-5 	 1.2226143362932121E-5 	 1.3239487857330844E-5 	 1.3239487857330844E-5 	 
1.08 	 8.278752940314862E-4 	 8.278752940314862E-4 	 2.5063854432877465E-6 	 2.5063854432877465E-6 	 1.0121207662721427E-5 	 1.0121207662721427E-5 	 1.0941160982361128E-5 	 1.0941160982361128E-5 	 
1.104 	 7.432857207749321E-4 	 7.432857207749321E-4 	 2.2527462479191423E-6 	 2.2527462479191423E-6 	 8.934368265292709E-6 	 8.934368265292709E-6 	 9.676368306380454E-6 	 9.676368306380454E-6 	 
1.1280000000000001 	 6.57865351440355E-4 	 6.57865351440355E-4 	 2.1009088069902896E-6 	 2.1009088069902896E-6 	 8.033428219272827E-6 	 8.033428219272827E-6 	 8.773715850073965E-6 	 8.773715850073965E-6 	 
1.1520000000000001 	 5.790104664556446E-4 	 5.790104664556446E-4 	 1.7359261275872733E-6 	 1.7359261275872733E-6 	 6.730675620483571E-6 	 6.730675620483571E-6 	 7.317501127806381E-6 	 7.317501127806381E-6 	 
1.1760000000000002 	 5.157711904819137E-4 	 5.157711904819137E-4 	 1.5878666347151507E-6 	 1.5878666347151507E-6 	 6.039407800541841E-6 	 6.039407800541841E-6 	 6.586645634472039E-6 	 6.586645634472039E-6 	 
1.2000000000000002 	 4.4544868755561816E-4 	 4.4544868755561816E-4 	 4.169824679238891E-6 	 4.169824679238891E-6 	 6.382638249474159E-6 	 6.382638249474159E-6 	 7.248100697972449E-6 	 7.248100697972449E-6 	 
1.2240000000000002 	 3.8701224454965825E-4 	 3.8701224454965825E-4 	 8.29753681905827E-6 	 8.29753681905827E-6 	 1.0432937027268168E-5 	 1.0432937027268168E-5 	 1.0417970960481305E-5 	 1.0417970960481305E-5 	 
1.2480000000000002 	 3.4499599442871896E-4 	 3.4499599442871896E-4 	 1.2081767588037198E-6 	 1.2081767588037198E-6 	 4.985149757425724E-6 	 4.985149757425724E-6 	 5.288338260852298E-6 	 5.288338260852298E-6 	 
1.2720000000000002 	 3.16492710236272E-4 	 3.16492710236272E-4 	 9.910882642125393E-7 	 9.910882642125393E-7 	 3.7721187375708243E-6 	 3.7721187375708243E-6 	 4.097950112852698E-6 	 4.097950112852698E-6 	 
1.2960000000000003 	 2.8219066139334686E-4 	 2.8219066139334686E-4 	 8.26462144970736E-7 	 8.26462144970736E-7 	 3.2457348417884773E-6 	 3.2457348417884773E-6 	 3.515791214500292E-6 	 3.515791214500292E-6 	 
1.3200000000000003 	 2.496301432033657E-4 	 2.496301432033657E-4 	 8.130640926235599E-7 	 8.130640926235599E-7 	 2.841214890498192E-6 	 2.841214890498192E-6 	 3.1383947985353886E-6 	 3.1383947985353886E-6 	 
1.3440000000000003 	 2.0778031614144076E-4 	 2.0778031614144076E-4 	 6.872051777784681E-7 	 6.872051777784681E-7 	 2.3533161462595524E-6 	 2.3533161462595524E-6 	 2.6002518418003365E-6 	 2.6002518418003365E-6 	 
1.3680000000000003 	 1.7189910635273897E-4 	 1.7189910635273897E-4 	 5.393160514464297E-7 	 5.393160514464297E-7 	 1.9523522597391674E-6 	 1.9523522597391674E-6 	 2.1349540684397403E-6 	 2.1349540684397403E-6 	 
1.3920000000000003 	 1.4918646210572596E-4 	 1.4918646210572596E-4 	 4.748207232937568E-7 	 4.748207232937568E-7 	 1.688695365093611E-6 	 1.688695365093611E-6 	 1.8559395583995296E-6 	 1.8559395583995296E-6 	 
1.4160000000000004 	 1.2931162015420255E-4 	 1.2931162015420255E-4 	 3.65353862708454E-7 	 3.65353862708454E-7 	 1.4280743278927366E-6 	 1.4280743278927366E-6 	 1.5503622529108637E-6 	 1.5503622529108637E-6 	 
1.4400000000000004 	 1.18920526541002E-4 	 1.18920526541002E-4 	 3.8756909296056523E-7 	 3.8756909296056523E-7 	 1.3539945808582025E-6 	 1.3539945808582025E-6 	 1.488467535523009E-6 	 1.488467535523009E-6 	 
1.4640000000000004 	 9.740839051262736E-5 	 9.740839051262736E-5 	 3.0657913105249207E-7 	 3.0657913105249207E-7 	 1.0779277602902411E-6 	 1.0779277602902411E-6 	 1.1889442959184141E-6 	 1.1889442959184141E-6 	 
1.4880000000000004 	 8.44644368247902E-5 	 8.44644368247902E-5 	 2.7120474981302676E-7 	 2.7120474981302676E-7 	 9.414306133373897E-7 	 9.414306133373897E-7 	 1.0362121134412653E-6 	 1.0362121134412653E-6 	 
1.5120000000000005 	 7.29818399495066E-5 	 7.29818399495066E-5 	 1.9733118456917783E-7 	 1.9733118456917783E-7 	 7.718450342529793E-7 	 7.718450342529793E-7 	 8.315504068336228E-7 	 8.315504068336228E-7 	 
1.5360000000000005 	 6.835983732200028E-5 	 6.835983732200028E-5 	 2.174786987043119E-7 	 2.174786987043119E-7 	 7.64788408233057E-7 	 7.64788408233057E-7 	 8.451684428623369E-7 	 8.451684428623369E-7 	 
1.5600000000000005 	 6.059771408894236E-5 	 6.059771408894236E-5 	 1.8465069265576073E-7 	 1.8465069265576073E-7 	 6.299974336249053E-7 	 6.299974336249053E-7 	 6.906073802213064E-7 	 6.906073802213064E-7 	 
1.5840000000000005 	 5.148421134115207E-5 	 5.148421134115207E-5 	 1.513692823169931E-7 	 1.513692823169931E-7 	 5.504480559168987E-7 	 5.504480559168987E-7 	 5.929083080075386E-7 	 5.929083080075386E-7 	 
1.6080000000000005 	 4.639355337194301E-5 	 4.639355337194301E-5 	 1.2080893876776077E-7 	 1.2080893876776077E-7 	 4.4176604088263745E-7 	 4.4176604088263745E-7 	 4.782482738924225E-7 	 4.782482738924225E-7 	 
1.6319999999999997 	 4.9337373526012E-5 	 4.9337373526012E-5 	 1.1974472808562377E-7 	 1.1974472808562377E-7 	 4.732449382959379E-7 	 4.732449382959379E-7 	 5.061717938334362E-7 	 5.061717938334362E-7 	 
1.6559999999999997 	 4.369745705408483E-5 	 4.369745705408483E-5 	 1.5147615669489316E-7 	 1.5147615669489316E-7 	 4.50863725497425E-7 	 4.50863725497425E-7 	 5.093633077754999E-7 	 5.093633077754999E-7 	 
1.6799999999999997 	 2.9753114499938357E-5 	 2.9753114499938357E-5 	 1.5017861966789552E-7 	 1.5017861966789552E-7 	 3.692839127064152E-7 	 3.692839127064152E-7 	 4.407451674951615E-7 	 4.407451674951615E-7 	 
1.7039999999999997 	 1.827136726892784E-5 	 1.827136726892784E-5 	 4.558925708411407E-8 	 4.558925708411407E-8 	 1.9494058865445298E-7 	 1.9494058865445298E-7 	 2.0514657995386136E-7 	 2.0514657995386136E-7 	 
1.7279999999999998 	 1.7000898738913782E-5 	 1.7000898738913782E-5 	 4.1375424631520635E-8 	 4.1375424631520635E-8 	 1.5602258141180244E-7 	 1.5602258141180244E-7 	 1.6835885432082535E-7 	 1.6835885432082535E-7 	 
1.7519999999999998 	 1.5910999747273928E-5 	 1.5910999747273928E-5 	 6.502252935118648E-8 	 6.502252935118648E-8 	 1.8709597644950613E-7 	 1.8709597644950613E-7 	 2.1364446776997056E-7 	 2.1364446776997056E-7 	 
1.7759999999999998 	 1.1090397306279212E-5 	 1.1090397306279212E-5 	 2.9687675325555575E-8 	 2.9687675325555575E-8 	 1.0383220713298716E-7 	 1.0383220713298716E-7 	 1.1284042511509304E-7 	 1.1284042511509304E-7 	 
1.7999999999999998 	 9.303346599589101E-6 	 9.303346599589101E-6 	 3.975346317267911E-8 	 3.975346317267911E-8 	 1.1522231237121964E-7 	 1.1522231237121964E-7 	 1.3259184158526706E-7 	 1.3259184158526706E-7 	 
1.8239999999999998 	 6.066989395601764E-6 	 6.066989395601764E-6 	 1.8596433679185473E-8 	 1.8596433679185473E-8 	 6.275027696672875E-8 	 6.275027696672875E-8 	 6.978200847002231E-8 	 6.978200847002231E-8 	 
1.8479999999999999 	 5.580175851259148E-6 	 5.580175851259148E-6 	 1.85308936178534E-8 	 1.85308936178534E-8 	 6.942419322276301E-8 	 6.942419322276301E-8 	 7.62938008909133E-8 	 7.62938008909133E-8 	 
1.8719999999999999 	 4.05000046132282E-6 	 4.05000046132282E-6 	 1.583401684659625E-8 	 1.583401684659625E-8 	 4.430259871170975E-8 	 4.430259871170975E-8 	 5.0634103324769186E-8 	 5.0634103324769186E-8 	 
1.896 	 2.4737139947310655E-6 	 2.4737139947310655E-6 	 1.1891033127970976E-8 	 1.1891033127970976E-8 	 3.7818623757945236E-8 	 3.7818623757945236E-8 	 4.36574795826753E-8 	 4.36574795826753E-8 	 
1.92 	 2.0518756925635138E-6 	 2.0518756925635138E-6 	 3.6676723367330573E-9 	 3.6676723367330573E-9 	 2.6997794983235715E-8 	 2.6997794983235715E-8 	 2.7680558753031153E-8 	 2.7680558753031153E-8 	 
1.944 	 2.064546930864224E-6 	 2.064546930864224E-6 	 4.827825243339044E-9 	 4.827825243339044E-9 	 1.8365648497658585E-8 	 1.8365648497658585E-8 	 2.0178268694153856E-8 	 2.0178268694153856E-8 	 
1.968 	 2.0148907303198185E-6 	 2.0148907303198185E-6 	 1.1366026389025116E-8 	 1.1366026389025116E-8 	 3.3311667323292204E-8 	 3.3311667323292204E-8 	 3.886255330952888E-8 	 3.886255330952888E-8 	 
1.992 	 9.258748573648104E-7 	 9.258748573648104E-7 	 1.3618975157912965E-9 	 1.3618975157912965E-9 	 8.35995735220431E-9 	 8.35995735220431E-9 	 7.611890823604916E-9 	 7.611890823604916E-9 	 
2.016 	 1.04526134641967E-6 	 1.04526134641967E-6 	 1.617793299588573E-9 	 1.617793299588573E-9 	 1.5860356962715783E-8 	 1.5860356962715783E-8 	 1.6163050291332912E-8 	 1.6163050291332912E-8 	 
2.04 	 1.788761850774773E-6 	 1.788761850774773E-6 	 2.9855555977217527E-9 	 2.9855555977217527E-9 	 2.2189957029953333E-8 	 2.2189957029953333E-8 	 2.164046707871141E-8 	 2.164046707871141E-8 	 
2.064 	 1.711927314435108E-6 	 1.711927314435108E-6 	 4.2249408322731364E-9 	 4.2249408322731364E-9 	 1.3490261949650603E-8 	 1.3490261949650603E-8 	 1.5092536331985193E-8 	 1.5092536331985193E-8 	 
2.088 	 1.2712447508533733E-6 	 1.2712447508533733E-6 	 1.0213631010876894E-8 	 1.0213631010876894E-8 	 2.5303396829253457E-8 	 2.5303396829253457E-8 	 3.033670434918399E-8 	 3.033670434918399E-8 	 
2.112 	 1.2628467091248405E-7 	 1.2628467091248405E-7 	 5.580473416765216E-10 	 5.580473416765216E-10 	 7.514481398871047E-9 	 7.514481398871047E-9 	 7.666050382678831E-9 	 7.666050382678831E-9 	 
2.136 	 0.0 	 0.0 	 0.0 	 0.0 	 0.0 	 0.0 	 0.0 	 0.0 	 
2.16 	 1.4223032756816817E-7 	 1.4223032756816817E-7 	 6.656847177813565E-10 	 6.656847177813565E-10 	 6.614061529879374E-9 	 6.614061529879374E-9 	 6.345568635996945E-9 	 6.345568635996945E-9 	 
2.184 	 1.4978693822163218E-7 	 1.4978693822163218E-7 	 6.176144002821129E-10 	 6.176144002821129E-10 	 5.222271957906958E-9 	 5.222271957906958E-9 	 5.859199481757984E-9 	 5.859199481757984E-9 	 
2.208 	 1.793963617026508E-7 	 1.793963617026508E-7 	 5.961712374234986E-10 	 5.961712374234986E-10 	 7.2529942823082895E-9 	 7.2529942823082895E-9 	 7.639583923297323E-9 	 7.639583923297323E-9 	 
2.232 	 1.9602149277552867E-7 	 1.9602149277552867E-7 	 5.526501164997341E-10 	 5.526501164997341E-10 	 7.225874176608935E-9 	 7.225874176608935E-9 	 7.38224318997456E-9 	 7.38224318997456E-9 	 
2.2560000000000002 	 2.429769196420604E-7 	 2.429769196420604E-7 	 6.08626624690087E-10 	 6.08626624690087E-10 	 4.473909426258056E-9 	 4.473909426258056E-9 	 4.826696475792501E-9 	 4.826696475792501E-9 	 
2.2800000000000002 	 2.918753566745937E-7 	 2.918753566745937E-7 	 6.326436914462463E-10 	 6.326436914462463E-10 	 4.140468252537271E-9 	 4.140468252537271E-9 	 4.516648188220438E-9 	 4.516648188220438E-9 	 
2.3040000000000003 	 3.1411847234970944E-7 	 3.1411847234970944E-7 	 6.661342944396467E-10 	 6.661342944396467E-10 	 4.32387929709282E-9 	 4.32387929709282E-9 	 4.322494361444666E-9 	 4.322494361444666E-9 	 
2.3280000000000003 	 3.52619616429116E-7 	 3.52619616429116E-7 	 6.028844110659074E-10 	 6.028844110659074E-10 	 4.8753865480079834E-9 	 4.8753865480079834E-9 	 5.085732362168665E-9 	 5.085732362168665E-9 	 
2.3520000000000003 	 7.715887183314284E-7 	 7.715887183314284E-7 	 1.1801897052943399E-9 	 1.1801897052943399E-9 	 7.115299962652523E-9 	 7.115299962652523E-9 	 7.124552618744026E-9 	 7.124552618744026E-9 	 
2.3760000000000003 	 9.258748573648104E-7 	 9.258748573648104E-7 	 1.3618975157912965E-9 	 1.3618975157912965E-9 	 8.35995735220431E-9 	 8.35995735220431E-9 	 7.611890823604916E-9 	 7.611890823604916E-9 	 
2.4000000000000004 	 9.65854117770136E-7 	 9.65854117770136E-7 	 1.0782399434822864E-9 	 1.0782399434822864E-9 	 6.012379370674964E-9 	 6.012379370674964E-9 	 5.869526534856296E-9 	 5.869526534856296E-9 	 
2.4240000000000004 	 1.687970615383912E-6 	 1.687970615383912E-6 	 2.4556453810989115E-9 	 2.4556453810989115E-9 	 1.314078483249012E-8 	 1.314078483249012E-8 	 1.2991649624328254E-8 	 1.2991649624328254E-8 	 
2.4480000000000004 	 1.711927314435108E-6 	 1.711927314435108E-6 	 4.2249408322731364E-9 	 4.2249408322731364E-9 	 1.3490261949650603E-8 	 1.3490261949650603E-8 	 1.5092536331985193E-8 	 1.5092536331985193E-8 	 
2.4720000000000004 	 1.1692213698808415E-6 	 1.1692213698808415E-6 	 9.63855187384173E-9 	 9.63855187384173E-9 	 1.7978469983596785E-8 	 1.7978469983596785E-8 	 2.310297969338659E-8 	 2.310297969338659E-8 	 
2.4960000000000004 	 0.0 	 0.0 	 0.0 	 0.0 	 0.0 	 0.0 	 0.0 	 0.0 	 
2.5200000000000005 	 0.0 	 0.0 	 0.0 	 0.0 	 0.0 	 0.0 	 0.0 	 0.0 	 
2.5440000000000005 	 0.0 	 0.0 	 0.0 	 0.0 	 0.0 	 0.0 	 0.0 	 0.0 	 
2.5680000000000005 	 0.0 	 0.0 	 0.0 	 0.0 	 0.0 	 0.0 	 0.0 	 0.0 	 
2.5920000000000005 	 0.0 	 0.0 	 0.0 	 0.0 	 0.0 	 0.0 	 0.0 	 0.0 	 
2.6160000000000005 	 0.0 	 0.0 	 0.0 	 0.0 	 0.0 	 0.0 	 0.0 	 0.0 	 
2.6399999999999997 	 0.0 	 0.0 	 0.0 	 0.0 	 0.0 	 0.0 	 0.0 	 0.0 	 
2.6639999999999997 	 0.0 	 0.0 	 0.0 	 0.0 	 0.0 	 0.0 	 0.0 	 0.0 	 
2.6879999999999997 	 0.0 	 0.0 	 0.0 	 0.0 	 0.0 	 0.0 	 0.0 	 0.0 	 
2.7119999999999997 	 0.0 	 0.0 	 0.0 	 0.0 	 0.0 	 0.0 	 0.0 	 0.0 	 
2.7359999999999998 	 0.0 	 0.0 	 0.0 	 0.0 	 0.0 	 0.0 	 0.0 	 0.0 	 
2.76 	 0.0 	 0.0 	 0.0 	 0.0 	 0.0 	 0.0 	 0.0 	 0.0 	 
2.784 	 0.0 	 0.0 	 0.0 	 0.0 	 0.0 	 0.0 	 0.0 	 0.0 	 
2.808 	 0.0 	 0.0 	 0.0 	 0.0 	 0.0 	 0.0 	 0.0 	 0.0 	 
2.832 	 0.0 	 0.0 	 0.0 	 0.0 	 0.0 	 0.0 	 0.0 	 0.0 	 
2.856 	 0.0 	 0.0 	 0.0 	 0.0 	 0.0 	 0.0 	 0.0 	 0.0 	 
2.88 	 0.0 	 0.0 	 0.0 	 0.0 	 0.0 	 0.0 	 0.0 	 0.0 	 
2.904 	 0.0 	 0.0 	 0.0 	 0.0 	 0.0 	 0.0 	 0.0 	 0.0 	 
2.928 	 0.0 	 0.0 	 0.0 	 0.0 	 0.0 	 0.0 	 0.0 	 0.0 	 
2.952 	 0.0 	 0.0 	 0.0 	 0.0 	 0.0 	 0.0 	 0.0 	 0.0 	 
2.976 	 0.0 	 0.0 	 0.0 	 0.0 	 0.0 	 0.0 	 0.0 	 0.0 	 
