-3.0 	 0.0 	 0.0 	 0.0 	 0.0 	 0.0 	 0.0 	 0.0 	 0.0 	 
-2.976 	 1.6709552523088312E-5 	 1.670955473438814E-5 	 7.887694237209885E-6 	 2.651310451135585E-6 	 1.4939516987207602E-5 	 3.135800642376978E-6 	 1.589837001378583E-5 	 1.1121699268963218E-5 	 
-2.952 	 1.819592020200405E-5 	 1.8195922610006007E-5 	 7.205435437962267E-6 	 2.7369767721515704E-6 	 1.3829339010922929E-5 	 3.223793997606037E-6 	 1.8238430177148755E-5 	 1.2129395027460777E-5 	 
-2.928 	 8.88636959974783E-6 	 8.886370775747459E-6 	 4.16262773326686E-6 	 2.9115447827833755E-6 	 1.2488160659420576E-5 	 3.476427432829175E-6 	 1.4562922900071524E-5 	 1.3237391432333207E-5 	 
-2.904 	 1.1319455970894959E-5 	 1.1319457468883072E-5 	 5.251016842401107E-6 	 2.9344710149841897E-6 	 1.5149109464655133E-5 	 3.603763427499347E-6 	 1.6941053286858933E-5 	 1.5153336546955913E-5 	 
-2.88 	 1.0308528147869184E-5 	 1.0308529512073669E-5 	 8.320329953139906E-6 	 3.1229098947389993E-6 	 1.7550017149915995E-5 	 3.823688905305911E-6 	 2.0174839338905125E-5 	 1.6848711300849146E-5 	 
-2.856 	 1.5199964970672038E-5 	 1.5199966982196875E-5 	 4.78992276311897E-6 	 4.0885892167636595E-6 	 1.392480803966042E-5 	 4.8417410967963666E-6 	 2.1651963070641143E-5 	 1.63523254882086E-5 	 
-2.832 	 2.3034293626977753E-5 	 2.3034296675277786E-5 	 5.543005545674169E-6 	 4.964237270551594E-6 	 1.616783436860659E-5 	 5.69502342595285E-6 	 2.745968671639662E-5 	 1.7540395720400965E-5 	 
-2.808 	 2.495726463605583E-5 	 2.4957267938836972E-5 	 6.915648329826405E-6 	 5.999657215890616E-6 	 1.9269311503134205E-5 	 6.574454435368892E-6 	 2.714509094036041E-5 	 1.8588895358792203E-5 	 
-2.784 	 1.8813947900497438E-5 	 1.8813950390287618E-5 	 1.0410545566650565E-5 	 6.493523291491043E-6 	 2.0937884715441684E-5 	 6.994145679836778E-6 	 2.854866660125761E-5 	 1.766138686993297E-5 	 
-2.76 	 1.350163260169316E-5 	 1.3501634388464996E-5 	 1.4641524469745563E-5 	 7.229692838330225E-6 	 2.656067988021771E-5 	 7.826683141615771E-6 	 3.4207232017053126E-5 	 2.0085801958455493E-5 	 
-2.7359999999999998 	 2.3244793774811092E-5 	 2.324479685096818E-5 	 1.2132408259399552E-5 	 7.412274113920904E-6 	 2.610192980307281E-5 	 8.029840373704728E-6 	 2.5522685021382433E-5 	 2.0685863659945002E-5 	 
-2.7119999999999997 	 2.4401205898812844E-5 	 2.440120912800658E-5 	 1.5498303948980195E-5 	 8.402882937375035E-6 	 2.769677901456074E-5 	 8.8810480396743E-6 	 3.376881510941141E-5 	 2.1771145267632473E-5 	 
-2.688 	 2.3404832967758355E-5 	 2.3404836065094626E-5 	 2.0818831633571235E-5 	 9.344714082389235E-6 	 3.524451306126219E-5 	 9.713139824219304E-6 	 3.66803588724834E-5 	 2.1736532793269454E-5 	 
-2.664 	 1.7007806863345036E-5 	 1.700780911411509E-5 	 1.1174145294456862E-5 	 9.375672023893392E-6 	 2.671048726902876E-5 	 9.855625182270229E-6 	 3.638084897902553E-5 	 2.3643536764979676E-5 	 
-2.64 	 1.9335502867992188E-5 	 1.9335505426803627E-5 	 1.8987668500953588E-5 	 9.529446650932135E-6 	 3.4940227654741766E-5 	 9.98583344367136E-6 	 3.6826334245936975E-5 	 2.2105730684332998E-5 	 
-2.616 	 2.2968716984961807E-5 	 2.2968720024583594E-5 	 1.957878334354035E-5 	 9.892684210447476E-6 	 3.7623019130231615E-5 	 1.040316312194254E-5 	 4.176628839784115E-5 	 2.235321695595834E-5 	 
-2.592 	 2.7884694455147412E-5 	 2.7884698145337198E-5 	 2.0154624763806177E-5 	 1.037080512712839E-5 	 3.789627749023572E-5 	 1.0841507731995262E-5 	 6.160353467386973E-5 	 2.298951721318873E-5 	 
-2.568 	 2.234745016734166E-5 	 2.2347453124746575E-5 	 1.8045345402928384E-5 	 1.0154924499010181E-5 	 3.811860516437648E-5 	 1.0686678249981407E-5 	 5.6946668140498995E-5 	 2.301535250297044E-5 	 
-2.544 	 2.3740176283502854E-5 	 2.374017942521761E-5 	 2.229932021785347E-5 	 1.0375011095383548E-5 	 4.392903690057393E-5 	 1.0929280914440979E-5 	 4.987416879445349E-5 	 2.2633443429644466E-5 	 
-2.52 	 2.59756285973227E-5 	 2.597563203487155E-5 	 4.371929422263398E-5 	 9.705110227889277E-6 	 6.411359780042945E-5 	 1.0429447266591261E-5 	 4.8984266078400494E-5 	 2.2147263911648628E-5 	 
-2.496 	 3.0821973420945346E-5 	 3.082197749984718E-5 	 3.640487289039712E-5 	 9.719037369973536E-6 	 5.929548830991913E-5 	 1.0598642662622008E-5 	 4.778175395129944E-5 	 2.3087810619393276E-5 	 
-2.472 	 2.7832417345914484E-5 	 2.783242102918605E-5 	 3.182952691479406E-5 	 8.793226928876022E-6 	 5.299811501178313E-5 	 1.0003601388772984E-5 	 5.499258517272269E-5 	 2.5295138517779174E-5 	 
-2.448 	 3.6964347533353834E-5 	 3.6964352425121896E-5 	 2.7196150093355315E-5 	 1.0268569538952552E-5 	 5.1041526310599786E-5 	 1.1451010344923802E-5 	 4.7798284579372944E-5 	 2.9839831681694294E-5 	 
-2.424 	 3.8391497809201866E-5 	 3.839150288983538E-5 	 2.2442400740279173E-5 	 1.0316092975030631E-5 	 4.9831360759595785E-5 	 1.1532526395507389E-5 	 6.0886615743173604E-5 	 2.8536334773473384E-5 	 
-2.4 	 3.645521181872435E-5 	 3.645521664311468E-5 	 2.890117878730093E-5 	 1.1011889259699435E-5 	 5.693219959240844E-5 	 1.2419864785775912E-5 	 6.347719042073315E-5 	 3.082998086414322E-5 	 
-2.376 	 4.716251711471392E-5 	 4.716252335608189E-5 	 2.0092268222311688E-5 	 1.2878581970658192E-5 	 4.980740063374941E-5 	 1.4092621215317253E-5 	 6.417991494749686E-5 	 2.936828794484929E-5 	 
-2.352 	 4.458405973884773E-5 	 4.458406563898919E-5 	 3.094607982226345E-5 	 1.3605239668268702E-5 	 6.182670918801476E-5 	 1.4629132752272298E-5 	 7.218973377401419E-5 	 2.9712549290137422E-5 	 
-2.328 	 4.72829182129436E-4 	 3.652446104724588E-5 	 3.140451717074947E-5 	 1.4566322593671242E-5 	 6.43838261854999E-5 	 1.572131584712297E-5 	 8.407056154353394E-5 	 3.067497818915009E-5 	 
-2.304 	 6.414685822233121E-4 	 3.881449443117508E-5 	 2.949559076180702E-5 	 1.629005845127534E-5 	 6.477842419455478E-5 	 1.7393884237285542E-5 	 8.814440944193134E-5 	 3.096896923048661E-5 	 
-2.2800000000000002 	 7.477353839080382E-4 	 4.528180637692135E-4 	 3.5501861177859924E-5 	 1.7704766783508655E-5 	 7.272485561593612E-5 	 1.8733726050752406E-5 	 7.613587716555585E-5 	 3.171977140796086E-5 	 
-2.2560000000000002 	 8.995273486609614E-4 	 7.304355521432728E-4 	 4.695809121529532E-5 	 1.8373088855628173E-5 	 8.472050165686624E-5 	 1.9481988312513576E-5 	 8.070475240991851E-5 	 3.120854418913766E-5 	 
-2.232 	 9.927025261995135E-4 	 8.586377325436994E-4 	 4.89114243667901E-5 	 1.964119821473021E-5 	 8.871251747952501E-5 	 2.0719650071388503E-5 	 7.975084364923718E-5 	 3.22785042279696E-5 	 
-2.208 	 0.0011164781849543526 	 0.0010286298973090102 	 3.2854161444750466E-5 	 1.8916505153646394E-5 	 7.675119550582393E-5 	 2.0264553073892946E-5 	 1.025586782980784E-4 	 3.302413418972578E-5 	 
-2.184 	 9.305413217230465E-4 	 0.0011345568204842184 	 3.725222555151996E-5 	 1.9243398659683612E-5 	 8.227878762974548E-5 	 2.0916108594720362E-5 	 9.643964422462169E-5 	 3.44371799977791E-5 	 
-2.16 	 0.0010085512391548469 	 0.0012902894320219037 	 3.44036291337857E-5 	 2.1133495079726583E-5 	 8.206373450170274E-5 	 2.272212220570826E-5 	 1.0052549525476782E-4 	 3.755682268087728E-5 	 
-2.136 	 0.001020746046080678 	 9.181875712628907E-4 	 5.463857192220151E-5 	 2.1493711065147788E-5 	 1.0530418953302872E-4 	 2.299128354365231E-5 	 1.0935585217538873E-4 	 3.984906106861729E-5 	 
-2.112 	 0.0011034177501121286 	 0.0010384187390019494 	 4.811805376704217E-5 	 2.372958624898768E-5 	 9.97015223754686E-5 	 2.5062275189391438E-5 	 1.2620044269860808E-4 	 4.4798209180292917E-4 	 
-2.088 	 0.0014408644250884105 	 0.0010544907584811812 	 5.0179841528897444E-5 	 2.785290622441588E-5 	 1.0442322704109819E-4 	 2.8958046136434814E-5 	 1.2111059713513798E-4 	 6.690194777276608E-4 	 
-2.064 	 0.0014038043667284445 	 0.0011875497251813123 	 5.364747069570606E-5 	 2.770176309375588E-5 	 1.1304684458384183E-4 	 2.865230461945984E-5 	 1.2280899654788647E-4 	 7.852000951587944E-4 	 
-2.04 	 0.0013042355986478376 	 0.001687861326136758 	 6.468484468615706E-5 	 2.878239265800284E-5 	 1.2459246051851964E-4 	 2.9481448047829284E-5 	 1.4321301363373121E-4 	 9.435829489603178E-4 	 
-2.016 	 0.0011906050527190515 	 0.0015055581887046283 	 5.591907296886125E-5 	 3.0439568077788065E-5 	 1.2082568987269847E-4 	 3.14159892066311E-5 	 1.4803385149720908E-4 	 0.001024367621794276 	 
-1.992 	 0.0014910004460897788 	 0.0013226060945639678 	 5.25802998211876E-5 	 2.830864105049319E-5 	 1.2193100541972376E-4 	 2.9921898779658832E-5 	 1.5335631592838466E-4 	 0.0011619259425238125 	 
-1.968 	 0.0018610723057866086 	 0.0012251391011206482 	 6.934444740253007E-5 	 2.749422552858706E-5 	 1.4277540097171518E-4 	 2.9267779490358012E-5 	 1.6446112029704497E-4 	 8.663817707362182E-4 	 
-1.944 	 0.001756638943983826 	 0.0016700988659913098 	 7.080800045725249E-5 	 2.9009571799577654E-5 	 1.4711745259184317E-4 	 3.093054325953316E-5 	 1.6989995189341004E-4 	 9.664476350011766E-4 	 
-1.92 	 0.001658898880341205 	 0.002137629337749808 	 7.324047763205357E-5 	 3.0057928969121856E-5 	 1.5332458192675728E-4 	 3.200288192640166E-5 	 1.862001082582137E-4 	 9.872389637798872E-4 	 
-1.896 	 0.0019628181395096723 	 0.0018688893914077535 	 7.571447744309171E-5 	 3.035068199708601E-5 	 1.6304018810971897E-4 	 3.259980450620581E-5 	 1.9613726709271858E-4 	 0.0010982678507322078 	 
-1.8719999999999999 	 0.00228750524132936 	 0.001701923847471713 	 7.522967723289092E-5 	 3.30225638785409E-5 	 1.675899566630924E-4 	 3.5156553220049794E-5 	 1.97880153791573E-4 	 0.0015192366217769762 	 
-1.8479999999999999 	 0.0019241588787422428 	 0.0021854542429762505 	 8.437611055376363E-5 	 3.023547515317035E-5 	 1.82128964917068E-4 	 3.271553687995108E-5 	 2.0438114559978267E-4 	 0.0014087327772664715 	 
-1.824 	 0.002336840399309211 	 0.0025839564530256037 	 8.660154641596543E-5 	 2.8337903277581194E-5 	 1.9062047294563005E-4 	 3.1611540698718776E-5 	 2.176499103286925E-4 	 0.00124381622893059 	 
-1.8 	 0.002685863991105601 	 0.0019067696285956204 	 8.358405744621997E-5 	 3.028596878637128E-5 	 1.9168686011284468E-4 	 3.3900454182911E-5 	 2.2461928180918264E-4 	 0.0011363658554451686 	 
-1.776 	 0.002319659192022193 	 0.0025805563904088787 	 8.541386043250724E-5 	 3.1007349669201725E-5 	 1.9888585793038078E-4 	 3.519518211256105E-5 	 2.3240655321319397E-4 	 0.001514657667567512 	 
-1.752 	 0.002929381115714493 	 0.0030433859161858165 	 9.320473300190201E-5 	 3.001019009647391E-5 	 2.1235814677724355E-4 	 3.5261556705002E-5 	 2.3022096986300905E-4 	 0.0019198435125291993 	 
-1.728 	 0.0029773875618705225 	 0.0024285580405756214 	 1.0264658310793854E-4 	 3.17069476048645E-5 	 2.2124713356338303E-4 	 3.747027453478245E-5 	 2.4229687886825112E-4 	 0.0017250500590981549 	 
-1.704 	 0.0032226915578702155 	 0.0033385681203537084 	 1.0956928946832836E-4 	 3.125119891182631E-5 	 2.3062122219742054E-4 	 3.780197096023064E-5 	 2.3486236659212977E-4 	 0.0015741524322537563 	 
-1.68 	 0.003663871196042194 	 0.003198924080058223 	 1.0566303769658584E-4 	 3.105610214914115E-5 	 2.2706694281980264E-4 	 3.895180144458983E-5 	 2.387054676654663E-4 	 0.0019713595539013456 	 
-1.656 	 0.003625739710193354 	 0.0035893439154282463 	 1.1796624980317656E-4 	 3.2747508183276144E-5 	 2.3921896887998012E-4 	 4.146169984554098E-5 	 2.3129009449525474E-4 	 0.002339345825947119 	 
-1.632 	 0.004088734457353454 	 0.0041808607248694915 	 1.1083988294221141E-4 	 3.353978286976209E-5 	 2.3248579315813918E-4 	 4.317027285184308E-5 	 2.253149812840216E-4 	 0.001787947932491451 	 
-1.6079999999999999 	 0.00434508124459016 	 0.0038733951220869035 	 1.1887657024154874E-4 	 3.8472807732252496E-5 	 2.3606754753984987E-4 	 4.913149809508617E-5 	 2.3409355823070146E-4 	 0.0023359627804814325 	 
-1.584 	 0.004655977483952342 	 0.004589080654953699 	 1.1298605787182659E-4 	 4.179565253756891E-5 	 2.2795226458672082E-4 	 5.3495607095386856E-5 	 2.1444688965413294E-4 	 0.002731105092166907 	 
-1.56 	 0.0052349327205365006 	 0.004879756079289454 	 1.1541880839094148E-4 	 4.2296425251559094E-5 	 2.2419684434801188E-4 	 5.686264997261625E-5 	 2.0518115813334594E-4 	 0.002191849407745375 	 
-1.536 	 0.004862800329208906 	 0.00520509466330667 	 1.296566196450912E-4 	 3.964320669087267E-5 	 2.3169799964915623E-4 	 5.793962344005086E-5 	 2.0236589988788128E-4 	 0.0029622049436286535 	 
-1.512 	 0.005707050327098584 	 0.0062027206321202165 	 1.1387149147844961E-4 	 3.7432165368160615E-5 	 2.1198233465334618E-4 	 5.791928382270195E-5 	 1.9691245088319627E-4 	 0.0028953749438137997 	 
-1.488 	 0.006379411992480224 	 0.005303610536610159 	 1.1154848623717316E-4 	 3.9570556915088605E-5 	 2.0568917707984114E-4 	 4.720417764638378E-4 	 2.0056643193588152E-4 	 0.0031755083196764703 	 
-1.464 	 0.006852959416825025 	 0.006395463889330859 	 1.1158464968487165E-4 	 4.4914637421399376E-4 	 2.0109308320071483E-4 	 6.995451250506273E-4 	 2.0204727001168224E-4 	 0.0036946423551470382 	 
-1.44 	 0.0072450273307041475 	 0.0074988150001134585 	 1.1315143263822711E-4 	 6.784980401553457E-4 	 1.974306830301003E-4 	 8.261498971763237E-4 	 1.9144745428979938E-4 	 0.0034923764374646337 	 
-1.416 	 0.008121444555439866 	 0.008098296445520459 	 1.2448345759488903E-4 	 7.977494902145343E-4 	 2.0417679184587636E-4 	 9.926637258516654E-4 	 1.7757055951179626E-4 	 0.0040826497752970824 	 
-1.392 	 0.008911295807363578 	 0.00846088825228035 	 1.3200101535779964E-4 	 9.595071734844132E-4 	 2.0569275810108112E-4 	 0.001087154875091036 	 1.7843842530747723E-4 	 0.004372911300680376 	 
-1.3679999999999999 	 0.009733626894967862 	 0.009516896694861422 	 1.2321960302738246E-4 	 0.0010466438180134932 	 1.942222881209882E-4 	 0.0012322832739738291 	 1.8823722471021393E-4 	 0.004652997067329732 	 
-1.3439999999999999 	 0.010846930235802044 	 0.01069593574179761 	 1.1388416825046956E-4 	 0.0011843631062935494 	 1.8400112921503555E-4 	 9.434824812158226E-4 	 1.7328156554415126E-4 	 0.005394058510082367 	 
-1.32 	 0.011854461623370947 	 0.011561481402617745 	 1.1552105416389878E-4 	 8.850112371303718E-4 	 1.833271891719335E-4 	 0.0010591593312478192 	 1.5949224852578059E-4 	 0.004773236831425074 	 
-1.296 	 0.01322024517557543 	 0.012839836130942183 	 1.270972437362091E-4 	 9.88940962848037E-4 	 1.919542381176419E-4 	 0.001091726220896771 	 1.671487650212904E-4 	 0.005695405337118725 	 
-1.272 	 0.014445320108882376 	 0.01409380629768026 	 1.1465122135028336E-4 	 0.0010125869719103816 	 1.7872143931337088E-4 	 0.0012225115734928191 	 1.6082665811498558E-4 	 0.006651610692679181 	 
-1.248 	 0.015536222256218642 	 0.01557600023285124 	 1.0207851173976286E-4 	 0.0011337745665942612 	 1.6647153615503897E-4 	 0.0016708495891028696 	 1.4333082692878245E-4 	 0.007138607543236262 	 
-1.224 	 0.01698542977667781 	 0.01714031820569321 	 1.1253038072965407E-4 	 0.0015704929682235193 	 1.7523434666529808E-4 	 0.001595078334710069 	 1.4754550061887913E-4 	 0.0075910545782120475 	 
-1.2 	 0.019724741341830707 	 0.018903521436089792 	 1.0875372274955916E-4 	 0.0014681917192114777 	 1.7053309096529002E-4 	 0.0014646760350420104 	 1.6095116388708356E-4 	 0.008690731910634235 	 
-1.176 	 0.020889479819395266 	 0.020529462666460562 	 8.526356445386013E-5 	 0.0013176149634911362 	 1.4841008236809712E-4 	 0.001390498399496561 	 1.6821416095038778E-4 	 0.009777816676202289 	 
-1.152 	 0.02272738348578973 	 0.023335176829876302 	 8.328203173878745E-5 	 0.0012175147891346177 	 1.4702874873945442E-4 	 0.0018017677004031382 	 1.5215707710721307E-4 	 0.010814167000090245 	 
-1.128 	 0.025084780398334592 	 0.024175061078742514 	 1.0211082538476341E-4 	 0.001610217529909194 	 1.640399907457926E-4 	 0.002247936854863111 	 1.5553668644001644E-4 	 0.012154582722731103 	 
-1.1039999999999999 	 0.02669063937058017 	 0.02620331679357455 	 1.1118555858231861E-4 	 0.002037613948900515 	 1.7033308718268395E-4 	 0.0020969068002592143 	 1.5200536336752328E-4 	 0.013691536747023628 	 
-1.08 	 0.02893267279114936 	 0.029035200126997677 	 9.456243496043282E-5 	 0.0018478988494407898 	 1.557995786609629E-4 	 0.0019910463632518117 	 1.5871369223330106E-4 	 0.015477379817355951 	 
-1.056 	 0.030551874578749253 	 0.030236724889047696 	 1.0059811823469181E-4 	 0.0017097527566764918 	 1.6104068991181105E-4 	 0.0024276300374704318 	 1.5978621630998997E-4 	 0.01719717258930926 	 
-1.032 	 0.032636360595428834 	 0.03225202317123825 	 9.546840337518598E-5 	 0.0021132219191557053 	 1.5686859270179146E-4 	 0.0028222489369251033 	 1.7013537629160386E-4 	 0.018746101899603268 	 
-1.008 	 0.03333403354108545 	 0.033177464752792866 	 1.0315006323730793E-4 	 0.0024847839364503985 	 1.6445335448244883E-4 	 0.002299338673240691 	 1.6373793112179065E-4 	 0.02040222133664233 	 
-0.984 	 0.03391026337059746 	 0.034454517874837276 	 1.0436368160183769E-4 	 0.0019330702138758188 	 1.6725019943908485E-4 	 0.002875855061269785 	 1.7285167501452826E-4 	 0.022943064739789742 	 
-0.96 	 0.03514325766487581 	 0.03449732221679762 	 1.1669767050867793E-4 	 0.002491028339628116 	 1.7980803425730006E-4 	 0.0032817031735265555 	 1.735489255884833E-4 	 0.02366962088874393 	 
-0.9359999999999999 	 0.03469240256605772 	 0.03416223995911711 	 1.1298565012719336E-4 	 0.0028860311428033666 	 1.782987611766942E-4 	 0.002741040524028467 	 1.8026655496255882E-4 	 0.025139833446459883 	 
-0.9119999999999999 	 0.03421623439206675 	 0.03435253364472779 	 1.2430927246966176E-4 	 0.002326707942074804 	 1.910232881856889E-4 	 0.0035089807875596036 	 1.849458412769447E-4 	 0.02697925085206717 	 
-0.8879999999999999 	 0.03427042780341735 	 0.03371441151723766 	 1.2264413655708797E-4 	 0.0030879867241141883 	 1.93654800592238E-4 	 0.0034153700630980216 	 1.807454930002084E-4 	 0.027436382358998805 	 
-0.8639999999999999 	 0.03263492217171249 	 0.03288589786096153 	 1.2176376863686582E-4 	 0.002985264901734603 	 1.9828460319411476E-4 	 0.003682692417033392 	 1.9862690476423245E-4 	 0.028301525294201074 	 
-0.8399999999999999 	 0.031258414265470984 	 0.03188835696988877 	 1.2037218745685831E-4 	 0.003255850783380253 	 2.0064760247797737E-4 	 0.004178135447977773 	 2.0163785180918784E-4 	 0.028484457864421102 	 
-0.8159999999999998 	 0.030191892296378236 	 0.029722531856430968 	 1.154554624799507E-4 	 0.0037555567709336595 	 2.0228046664205109E-4 	 0.003939387972375879 	 2.022891722159478E-4 	 0.02902738189387592 	 
-0.7919999999999998 	 0.02762626155383809 	 0.028212110007487624 	 1.3377927416588647E-4 	 0.003510442151544404 	 2.2658251498089424E-4 	 0.004469869349765369 	 2.0685406922164938E-4 	 0.028367939296391934 	 
-0.7679999999999998 	 0.02591458639560606 	 0.02700001795387764 	 1.4068472377867423E-4 	 0.0040594829589486025 	 2.3999786945095845E-4 	 0.0047322908951464 	 2.1035779923466653E-4 	 0.027956653871486218 	 
-0.7439999999999998 	 0.02366733916658458 	 0.023880317562077678 	 1.424512772810178E-4 	 0.004323741731560199 	 2.4874553894484744E-4 	 0.004969501282734462 	 2.2467507904607692E-4 	 0.028226852919068186 	 
-0.7199999999999998 	 0.022433830398104614 	 0.023088119069669386 	 1.516903674039823E-4 	 0.004554118114420552 	 2.6695366465908765E-4 	 0.0056546140708488325 	 2.26786808189124E-4 	 0.027410125095999934 	 
-0.6959999999999997 	 0.020723329442375184 	 0.02104721562827688 	 1.5165572301396104E-4 	 0.0052484742740484085 	 2.7794885869290414E-4 	 0.004981427215739372 	 2.4069816534228952E-4 	 0.027081471194821922 	 
-0.6720000000000002 	 0.018472698939941 	 0.01955693893153696 	 1.6277729839305413E-4 	 0.0045625758448726945 	 2.9899746603532465E-4 	 0.005824650635491418 	 2.5676173169293876E-4 	 0.026783715394879438 	 
-0.6480000000000001 	 0.01674440714479985 	 0.017910496557936906 	 1.6884574390920674E-4 	 0.005420958690520008 	 3.167307491534161E-4 	 0.006690207912826144 	 2.651100377678475E-4 	 0.02545618148653063 	 
-0.6240000000000001 	 0.01492608590103969 	 0.016255137823017147 	 1.8009420788984328E-4 	 0.0062954801864537726 	 3.4235015039237347E-4 	 0.007072251064818263 	 2.83543760497434E-4 	 0.024874770977499325 	 
-0.6000000000000001 	 0.013205849242347497 	 0.014732630538791893 	 2.013055703324059E-4 	 0.0066761181101093695 	 3.78131434282859E-4 	 0.007325365111320117 	 2.736424401148922E-4 	 0.02463617264125055 	 
-0.5760000000000001 	 0.011643784923380793 	 0.012643195731767979 	 2.1757721394977542E-4 	 0.006955189505747628 	 4.138117966429416E-4 	 0.008110325200976674 	 2.907093030844867E-4 	 0.022744219933704537 	 
-0.552 	 0.010522048771108766 	 0.011134163658287203 	 2.451790215051104E-4 	 0.007769637481500563 	 4.6690702412258356E-4 	 0.008924439067454826 	 3.2167762234510745E-4 	 0.022291175397040206 	 
-0.528 	 0.009183267501076306 	 0.009892032568689499 	 2.4369228450459214E-4 	 0.008615180984347614 	 4.91477744553946E-4 	 0.009642195484591887 	 3.4018442842642936E-4 	 0.020956337504331787 	 
-0.504 	 0.007890799770033742 	 0.00883897326016682 	 2.6674949109294126E-4 	 0.009381437638089973 	 5.417746763552486E-4 	 0.010583926594773776 	 3.697502773576347E-4 	 0.020218195820177712 	 
-0.48 	 0.006782351356905714 	 0.0073763445035489525 	 3.032227078561091E-4 	 0.010423680371877839 	 6.056710793141311E-4 	 0.011662739152186897 	 3.8240958813496895E-4 	 0.019069550290467654 	 
-0.45599999999999996 	 0.0057745797422791255 	 0.006410491190742052 	 3.300174071133867E-4 	 0.011620462277085856 	 6.650681214678782E-4 	 0.013004695764078509 	 4.0806200920297947E-4 	 0.017620510042421312 	 
-0.43199999999999994 	 0.005000206709276312 	 0.005499983088695371 	 3.6842337672979384E-4 	 0.013051279403353912 	 7.383039699311336E-4 	 0.014288732180477182 	 4.392125324664282E-4 	 0.016428840594489336 	 
-0.4079999999999999 	 0.0043165382842509795 	 0.004628582770858756 	 3.9238513875642625E-4 	 0.014539245916339054 	 7.959654681347889E-4 	 0.015474536128025193 	 4.848348421262653E-4 	 0.01474560408521748 	 
-0.3839999999999999 	 0.003696318401588653 	 0.00395444816204498 	 4.228968639199978E-4 	 0.01590330654304395 	 8.609282133228162E-4 	 0.016953677158396702 	 5.001146231588833E-4 	 0.013418753090763026 	 
-0.3599999999999999 	 0.0031117914013286123 	 0.0032540565326543143 	 4.5011522960018366E-4 	 0.017641587203260256 	 9.186055774568058E-4 	 0.019571697269546377 	 5.374982406973652E-4 	 0.01224901369198753 	 
-0.33599999999999985 	 0.0026862145314206958 	 0.002650478415518382 	 4.983278684085663E-4 	 0.02053070207702538 	 9.926586316594116E-4 	 0.020672573190875437 	 5.953543923269306E-4 	 0.01141290855852797 	 
-0.31199999999999983 	 0.002271200337874029 	 0.0022066417007909947 	 5.152434369571493E-4 	 0.02181011755029708 	 0.001036375865247942 	 0.022737985085196644 	 6.37671030761183E-4 	 0.0101733081470024 	 
-0.2879999999999998 	 0.002071079146154845 	 0.0019934929358052557 	 5.469973876996106E-4 	 0.024103010946695452 	 0.0010843814277495794 	 0.025403217652283587 	 7.103470536285156E-4 	 0.009266150056802971 	 
-0.2639999999999998 	 0.001896155315748349 	 0.0016670747743788034 	 5.876067239381299E-4 	 0.027030684174501614 	 0.0011407449973274476 	 0.027055500131621387 	 7.784929208084356E-4 	 0.008409740517762688 	 
-0.23999999999999977 	 0.0016803592775806492 	 0.0014820742591254686 	 6.081739653866452E-4 	 0.028917687702225827 	 0.00118055963386228 	 0.029341727796367206 	 8.558979780471092E-4 	 0.007567835379104243 	 
-0.21599999999999975 	 0.0014094094547194103 	 0.0013955590418619007 	 6.448359931044478E-4 	 0.031228429637765117 	 0.0012263845690102975 	 0.031027109556276748 	 9.631044681804575E-4 	 0.00694496461349613 	 
-0.19199999999999973 	 0.0013153899939427453 	 0.0013059250247684884 	 6.897977579846174E-4 	 0.032977059066963695 	 0.0012816253353567877 	 0.03312594310496167 	 0.0010960088744213514 	 0.006388782241574055 	 
-0.16800000000000015 	 0.0012049615896008031 	 0.0010212677192358605 	 7.318078854116666E-4 	 0.03498337985017547 	 0.0013351874373490487 	 0.033867974442812226 	 0.0012352997582562393 	 0.005877886779793304 	 
-0.14400000000000013 	 0.001035973676100071 	 9.57109286620078E-4 	 7.932666145805496E-4 	 0.03552393190941135 	 0.0014058062608355811 	 0.0346097429496582 	 0.001396944198802076 	 0.005494403577715994 	 
-0.1200000000000001 	 9.426787596358127E-4 	 9.071889799176769E-4 	 8.558099281005312E-4 	 0.0361127488308024 	 0.0014788317231819344 	 0.035844374738642715 	 0.0015873407967921605 	 0.005195632178203857 	 
-0.09600000000000009 	 8.756630436133997E-4 	 7.449803208000037E-4 	 9.493864209208119E-4 	 0.03694906216757632 	 0.001590099594804685 	 0.035446527578030206 	 0.0018416521934366192 	 0.004855174058203813 	 
-0.07200000000000006 	 7.789797845996398E-4 	 6.55173804775924E-4 	 0.0010419738617269368 	 0.03625310238784231 	 0.001708684287079085 	 0.03528172034911819 	 0.0021117078326854766 	 0.0046152478416580265 	 
-0.04800000000000004 	 7.273297239248859E-4 	 6.163795047044249E-4 	 0.0011510431842973793 	 0.035874832015185196 	 0.0018429999617543544 	 0.03485845233123417 	 0.002481157702501424 	 0.00439611261145106 	 
-0.02400000000000002 	 6.401739688532701E-4 	 5.411193306830907E-4 	 0.001323102771187318 	 0.03505208696788769 	 0.0020447734897969085 	 0.033058753967005854 	 0.0029083293374883674 	 0.004137950623195032 	 
0.0 	 5.798331280253111E-4 	 5.416223345923694E-4 	 0.0014750981093364004 	 0.03287792466108886 	 0.0022357292122615053 	 0.03161027431699479 	 0.0034966514010122468 	 0.0037140440866910047 	 
0.02400000000000002 	 5.315686714766447E-4 	 4.5136991586092575E-4 	 0.0017068598349684267 	 0.031240946618924743 	 0.002514284861105156 	 0.030427205372101907 	 0.004364803131317774 	 0.003433191346495267 	 
0.04800000000000004 	 4.8731764416103373E-4 	 3.782969143647978E-4 	 0.0019796237366643834 	 0.029833818310731928 	 0.002836291836201009 	 0.027429088538626294 	 0.005221664073122055 	 0.003137940906878772 	 
0.07200000000000006 	 4.446076194238597E-4 	 3.5295058965330073E-4 	 0.002316020274445584 	 0.02681407303612752 	 0.003225144746546947 	 0.025914351389080183 	 0.006327074952662157 	 0.0027541269745271803 	 
0.09600000000000009 	 3.7287374996866114E-4 	 3.1174938094537924E-4 	 0.0028129460194124167 	 0.025326605510428275 	 0.003778399936246098 	 0.023640892711501584 	 0.007658081048242008 	 0.0024452704155609366 	 
0.1200000000000001 	 3.84283729197882E-4 	 2.8635259934984864E-4 	 0.0033335666576506753 	 0.023022195180985774 	 0.004362151949531295 	 0.022035836823348247 	 0.009323666237621623 	 0.0022062952323743546 	 
0.14400000000000013 	 3.55833332964149E-4 	 2.2868270887061286E-4 	 0.0040644823215161855 	 0.02141394434485158 	 0.005148878587520734 	 0.020076598598920796 	 0.011311425215018421 	 0.001945238230260609 	 
0.16800000000000015 	 3.1154706959120434E-4 	 2.8245803189084925E-4 	 0.00494305961207863 	 0.019531332754561703 	 0.006081212128886419 	 0.017932888635566233 	 0.01358404152594595 	 0.0017514188310576843 	 
0.19200000000000017 	 2.8355461985255485E-4 	 2.5719391872264274E-4 	 0.006105539188204175 	 0.017391129354893228 	 0.007288809437452198 	 0.016095701845239854 	 0.016210379637402666 	 0.0015216354350745997 	 
0.2160000000000002 	 2.715930418207097E-4 	 1.8457729033759897E-4 	 0.007614923597714762 	 0.015648369131343008 	 0.008832919553724295 	 0.013886957088554011 	 0.019245106643609143 	 0.0013144111085427877 	 
0.2400000000000002 	 2.568220422420985E-4 	 1.5893637169162364E-4 	 0.009438444010642756 	 0.013521523893940455 	 0.01067035468448264 	 0.012150141211569576 	 0.02248937025657352 	 0.0011648147817969645 	 
0.26400000000000023 	 2.3280359600978473E-4 	 1.6484996907851463E-4 	 0.011713681688954218 	 0.011802215931880427 	 0.01293434376699144 	 0.010618571634556534 	 0.0259915107991291 	 0.001041452918546245 	 
0.28800000000000026 	 2.1657967337054368E-4 	 1.6656518142832186E-4 	 0.014642188032041599 	 0.010316630383368712 	 0.015793383601516144 	 0.009480076148086889 	 0.029613818484981624 	 9.258134271801312E-4 	 
0.3120000000000003 	 2.0960969851037327E-4 	 1.4554351833479502E-4 	 0.018071129120647334 	 0.00922727405715776 	 0.01911634203846636 	 0.007974356706226373 	 0.03295544566712431 	 8.007039301560239E-4 	 
0.33599999999999985 	 1.8179198306803168E-4 	 1.3166595066040917E-4 	 0.022126365612696212 	 0.0077483097129780526 	 0.022994715479076035 	 0.00684516214212134 	 0.03590014488345626 	 7.663381925307343E-4 	 
0.3599999999999999 	 1.515724172708904E-4 	 1.4137204273360042E-4 	 0.02660677232300146 	 0.00660957724874529 	 0.027214642149425466 	 0.0057505558179947475 	 0.03852500203038156 	 6.908811272520677E-4 	 
0.3839999999999999 	 1.526041232141619E-4 	 1.0464064064536852E-4 	 0.031054022323298715 	 0.0055513953594402456 	 0.03138420323075397 	 0.004729074921104598 	 0.04073754731400708 	 5.804032198160783E-4 	 
0.4079999999999999 	 1.4592149259548207E-4 	 7.430238330316431E-5 	 0.03551046580028134 	 0.004548548598864054 	 0.035526172178456744 	 0.00392476217117219 	 0.04264492578029993 	 5.131602934045351E-4 	 
0.43199999999999994 	 1.3060152176994633E-4 	 8.880707224698364E-5 	 0.039915150610905184 	 0.0037932299428244548 	 0.03957424514526022 	 0.0032491311588071304 	 0.04323302230871345 	 4.8225871985469945E-4 	 
0.45599999999999996 	 1.3624919540986411E-4 	 7.977451429911232E-5 	 0.04401109943853671 	 0.003133725037427535 	 0.043291256843994444 	 0.0026513621816693757 	 0.04290016011552023 	 4.5031643251626806E-4 	 
0.48 	 1.2935163072607335E-4 	 7.00880728304363E-5 	 0.047921603530189094 	 0.002548622908477908 	 0.046756503242219354 	 0.002211814062724901 	 0.04233460377275492 	 4.110919700507829E-4 	 
0.504 	 1.0909620854577422E-4 	 8.027387592440578E-5 	 0.05026972312280377 	 0.0021162953888138104 	 0.04874698703224799 	 0.0019121486554373882 	 0.04113668533687313 	 3.726912248389753E-4 	 
0.528 	 1.115967568082357E-4 	 7.016553468916193E-5 	 0.051349344512557016 	 0.0018299213467791123 	 0.04956754537722715 	 0.0015841262688275788 	 0.039225224471681024 	 3.6097211082883763E-4 	 
0.552 	 1.1894529633152335E-4 	 4.87502097553144E-5 	 0.05201548932113395 	 0.0015127441263468246 	 0.049966596652549995 	 0.0014257726107109003 	 0.03656270689314762 	 3.1343405732326774E-4 	 
0.5760000000000001 	 1.1145544790770705E-4 	 6.045130673896043E-5 	 0.05142961992633813 	 0.001372074517858894 	 0.04918723929026383 	 0.001338606400284514 	 0.03371037731247054 	 2.656961954996973E-4 	 
0.6000000000000001 	 1.1345106341759298E-4 	 7.811250177235067E-5 	 0.04979813266740382 	 0.0012950947003698113 	 0.047438850251347454 	 0.0012328413205506656 	 0.030971760836087523 	 2.682906056344124E-4 	 
0.6240000000000001 	 1.1622284593081467E-4 	 6.658441198813467E-5 	 0.04701594605798565 	 0.0011794699789544243 	 0.04464920536042703 	 9.794028230548522E-4 	 0.027545708875566118 	 2.4815473039219995E-4 	 
0.6480000000000001 	 9.851270076971578E-5 	 6.525027173294894E-5 	 0.043638301312648765 	 9.49623547720613E-4 	 0.04132316444408308 	 9.360311180162483E-4 	 0.024976472387095473 	 2.2821810420276998E-4 	 
0.6720000000000002 	 8.96371421687749E-5 	 7.953774661085765E-5 	 0.03994298789269938 	 9.071201028093853E-4 	 0.037716045153301084 	 8.843645878093163E-4 	 0.02198053419857441 	 2.3064741267022978E-4 	 
0.6960000000000002 	 8.097797460830272E-5 	 5.764276759774438E-5 	 0.03535151759345797 	 8.531687512838554E-4 	 0.03334338597609921 	 7.497360206981237E-4 	 0.01911026024901019 	 2.1703697169082891E-4 	 
0.7200000000000002 	 8.640230822656289E-5 	 5.103320041300243E-5 	 0.03153603015599433 	 7.144713058137881E-4 	 0.029666762929804066 	 6.779506298814048E-4 	 0.017090360207817876 	 1.9033567613116337E-4 	 
0.7440000000000002 	 8.194358793087658E-5 	 4.38509460991756E-5 	 0.02725930667963821 	 6.478493000778004E-4 	 0.0256073775881788 	 6.457948346778937E-4 	 0.014864202519213011 	 1.9431330448447888E-4 	 
0.7680000000000002 	 8.011866280287977E-5 	 5.775535307200034E-5 	 0.023207450130322455 	 6.123125884572611E-4 	 0.02179686037506072 	 5.783653319535572E-4 	 0.013373203908885068 	 1.9860038154546832E-4 	 
0.7920000000000003 	 7.344418940604447E-5 	 5.084587956646439E-5 	 0.020168687352517693 	 5.604436186056641E-4 	 0.018909222699663115 	 5.701401271547452E-4 	 0.011880278848057623 	 1.8624920312292236E-4 	 
0.8160000000000003 	 7.594862232822534E-5 	 5.098735089601965E-5 	 0.016920275633425234 	 5.539607510648284E-4 	 0.015871348919663478 	 5.055824884707406E-4 	 0.010711995899115749 	 1.812519804207284E-4 	 
0.8399999999999999 	 7.078627567260545E-5 	 4.382078697088561E-5 	 0.014603682913402057 	 4.8114243879872554E-4 	 0.013685277465836681 	 4.4166345532555885E-4 	 0.009859737057845146 	 1.8969452099520994E-4 	 
0.8639999999999999 	 7.450991785223164E-5 	 5.027260138980658E-5 	 0.012317582218915494 	 4.2133343374400705E-4 	 0.011546362656732293 	 4.220518113189546E-4 	 0.008950725432427496 	 1.6474607800928988E-4 	 
0.8879999999999999 	 6.861421129779675E-5 	 4.2731081947207126E-5 	 0.010500104194576367 	 3.993580217662053E-4 	 0.00985238881326971 	 3.9693346642807095E-4 	 0.008279544431887201 	 1.5482560535933285E-4 	 
0.9119999999999999 	 6.802775073052971E-5 	 4.9574464304568944E-5 	 0.009166564863622302 	 3.796827890266939E-4 	 0.008590166123179086 	 3.7485672217326787E-4 	 0.007424573780067359 	 1.4277930185528875E-4 	 
0.9359999999999999 	 8.150173479861841E-5 	 4.171739386765033E-5 	 0.007810006411333735 	 3.578429838766615E-4 	 0.0073192269146402115 	 3.272443200056011E-4 	 0.00705048739443561 	 1.49835517449459E-4 	 
0.96 	 7.069548725510362E-5 	 4.4190829379413016E-5 	 0.006782778108790355 	 3.145838502253662E-4 	 0.006345656523856903 	 3.6320497118251267E-4 	 0.006480063969874922 	 1.4253235432156236E-4 	 
0.984 	 6.899132635538874E-5 	 6.587562179925308E-5 	 0.005571629123776868 	 3.5271068422288083E-4 	 0.005224338125530568 	 3.4700871950789624E-4 	 0.006066463807979547 	 1.409167946355714E-4 	 
1.008 	 8.023400530437253E-5 	 4.137621338225395E-5 	 0.004949083757942334 	 3.364368583229058E-4 	 0.004628431718834506 	 2.9292638649532765E-4 	 0.005858868609737443 	 1.3368499488001197E-4 	 
1.032 	 7.322468746389117E-5 	 4.020611249402423E-5 	 0.00407817456147812 	 2.803017908553247E-4 	 0.0038197269929514297 	 2.732498848846667E-4 	 0.0053593919664332735 	 1.3818605193358652E-4 	 
1.056 	 6.734089451080362E-5 	 6.191949156503029E-5 	 0.0034402135575783734 	 2.6053670813113637E-4 	 0.0032266048423686675 	 2.8226616984659055E-4 	 0.005162972433742911 	 1.321604293971713E-4 	 
1.08 	 7.244213798145778E-5 	 4.811926070731939E-5 	 0.0030389066934058385 	 2.6785033404522435E-4 	 0.002837704980881223 	 2.778193520861461E-4 	 0.004937889795039547 	 1.3845140744772909E-4 	 
1.104 	 7.347822337864523E-5 	 4.0551310232944726E-5 	 0.0023643454262178604 	 2.644276721896838E-4 	 0.0022186367437624244 	 2.6121198610560523E-4 	 0.004673066065269132 	 1.3094486926221028E-4 	 
1.1280000000000001 	 6.992392278418076E-5 	 4.872957710370027E-5 	 0.0020633805694089398 	 2.50030648985801E-4 	 0.001935452407158433 	 2.442373227968839E-4 	 0.004496075560746022 	 1.3200952243203932E-4 	 
1.1520000000000001 	 7.32755950043094E-5 	 4.98538566940121E-5 	 0.001763447916131169 	 2.334528528225792E-4 	 0.0016543427236988778 	 2.501925132509813E-4 	 0.0042609863636932505 	 1.5009252091827537E-4 	 
1.1760000000000002 	 7.59701864385658E-5 	 4.417887856360594E-5 	 0.001475882002325631 	 2.4378918265144668E-4 	 0.001388672904323749 	 2.2176151661959422E-4 	 0.004060980524017305 	 1.3290742719579714E-4 	 
1.2000000000000002 	 8.170109006141516E-5 	 4.710220361108834E-5 	 0.001298295845606546 	 2.1415144507755434E-4 	 0.0012241991551448486 	 1.8861339372248183E-4 	 0.0037587715825290417 	 1.3284185312507102E-4 	 
1.2240000000000002 	 8.747886186194946E-5 	 4.9933267116107714E-5 	 0.0011323432201686388 	 1.8066288023757266E-4 	 0.0010707683445334382 	 2.004327251048326E-4 	 0.003503150673620291 	 1.5176009932023698E-4 	 
1.2480000000000002 	 9.457305793596943E-5 	 5.440866184733782E-5 	 0.0010641882073189994 	 1.9341989608383405E-4 	 0.001002833286929308 	 1.8814966532254101E-4 	 0.003175263594853479 	 1.436833711056073E-4 	 
1.2720000000000002 	 1.0859146491794944E-4 	 6.0082174255518006E-5 	 9.024628603883526E-4 	 1.7954671473945668E-4 	 8.530388114984128E-4 	 1.7496272857990737E-4 	 0.0028308120866470587 	 1.374719434340514E-4 	 
1.2960000000000003 	 1.1327823621964893E-4 	 6.631712244362148E-5 	 8.139647044338452E-4 	 1.690670882183361E-4 	 7.679560112868541E-4 	 1.8300726234308644E-4 	 0.0025389703732856604 	 1.463292714461907E-4 	 
1.3200000000000003 	 1.2212789031319391E-4 	 8.139539831617242E-5 	 7.192237161730461E-4 	 1.7918048053427202E-4 	 6.775896776450842E-4 	 1.7428480098919777E-4 	 0.0022285768012617717 	 1.4899031722028137E-4 	 
1.3440000000000003 	 1.2948097221788363E-4 	 8.218415052863639E-5 	 6.10331030275348E-4 	 1.7138731282796888E-4 	 5.767646243952959E-4 	 1.546493347707846E-4 	 0.0019491239506504595 	 1.4613586421431684E-4 	 
1.3680000000000003 	 1.3682928958739114E-4 	 9.009018436599461E-5 	 5.671997446356532E-4 	 1.5073166974104258E-4 	 5.341545174618165E-4 	 1.6299724015053085E-4 	 0.0016942222391277146 	 1.5321256903639513E-4 	 
1.3920000000000003 	 1.4341146462482017E-4 	 9.738917745255902E-5 	 4.902171773305549E-4 	 1.5869026085730935E-4 	 4.6088076953036645E-4 	 1.7151183004199478E-4 	 0.0015204432707852764 	 1.5860814763316264E-4 	 
1.4160000000000004 	 1.492504389145089E-4 	 1.0376384049321607E-4 	 4.1147639911199424E-4 	 1.6673881854711544E-4 	 3.8825361103627987E-4 	 1.6270685684613355E-4 	 0.0012899126420456437 	 1.6738970569675604E-4 	 
1.4400000000000004 	 1.551486263532206E-4 	 1.0959503776958054E-4 	 3.4412263409981897E-4 	 1.5830467814879215E-4 	 3.2698652100034386E-4 	 1.6059300571284813E-4 	 0.0010877391867441613 	 1.7772793273440908E-4 	 
1.4640000000000004 	 1.478739941447779E-4 	 1.149320659943169E-4 	 3.6113699744621825E-4 	 1.5628848932703566E-4 	 3.3886337487936937E-4 	 1.6996427008087988E-4 	 9.545484470555089E-4 	 1.8880367202469916E-4 	 
1.4880000000000004 	 1.445442265558191E-4 	 1.2356859766388226E-4 	 2.9168278241559816E-4 	 1.6486453333012697E-4 	 2.735125418147844E-4 	 1.4744283776260296E-4 	 8.097677355851758E-4 	 2.0923732714055976E-4 	 
1.5120000000000005 	 1.384803795818105E-4 	 1.1472141530113391E-4 	 2.268028425289171E-4 	 1.4220061629388153E-4 	 2.1464253563716637E-4 	 1.391623368122222E-4 	 6.922231643441198E-4 	 2.1601147507126583E-4 	 
1.5360000000000005 	 1.300440013367507E-4 	 1.1287079829303731E-4 	 2.2545170295879376E-4 	 1.3509497584510914E-4 	 2.1144901132194775E-4 	 1.308122359896839E-4 	 5.907959347886019E-4 	 2.2908010019681379E-4 	 
1.5600000000000005 	 1.1913290038410999E-4 	 1.086464752621335E-4 	 1.7509556402335995E-4 	 1.262817168759219E-4 	 1.6489365531062534E-4 	 1.3992187110035007E-4 	 5.147549380601343E-4 	 2.4005738650337058E-4 	 
1.5840000000000005 	 1.0760538334537137E-4 	 1.0245532621090415E-4 	 1.494583534167374E-4 	 1.3536972828100046E-4 	 1.409003123638741E-4 	 1.337766078833654E-4 	 4.5491615100338545E-4 	 2.488951789334269E-4 	 
1.6080000000000005 	 9.684841203900683E-5 	 9.398902106550187E-5 	 1.2324104782687135E-4 	 1.287662747044889E-4 	 1.1695106840293651E-4 	 1.3253018892445733E-4 	 3.664684852475247E-4 	 2.5645149082525695E-4 	 
1.6319999999999997 	 8.327180598645207E-5 	 8.503772461651869E-5 	 1.1751851523639888E-4 	 1.289857557732221E-4 	 1.1125886383254137E-4 	 1.264139771646942E-4 	 3.043572560780747E-4 	 2.623643846361818E-4 	 
1.6559999999999997 	 7.363151258004988E-5 	 7.639257205861902E-5 	 1.1904272755901759E-4 	 1.2239823114820647E-4 	 1.1067467945722665E-4 	 1.311096590395792E-4 	 2.6190825686234567E-4 	 2.671431340142311E-4 	 
1.6799999999999997 	 6.206812434507127E-5 	 6.571834290671753E-5 	 8.425012290984364E-5 	 1.281986396097402E-4 	 7.860717762783802E-5 	 1.2621199561586933E-4 	 2.2528796095772085E-4 	 2.5348812342607634E-4 	 
1.7039999999999997 	 5.113918330561977E-5 	 5.7956863427263374E-5 	 6.828464108918869E-5 	 1.2260997316337048E-4 	 6.407414323770789E-5 	 1.3268037202037532E-4 	 2.0279636342253871E-4 	 2.4618588941341694E-4 	 
1.7279999999999998 	 4.3876431433921674E-5 	 4.887625155449654E-5 	 6.569268881831096E-5 	 1.2946707803174236E-4 	 6.154898389843694E-5 	 1.2515585136088303E-4 	 1.7768868901709263E-4 	 2.3394612827598574E-4 	 
1.7519999999999998 	 3.592627035312461E-5 	 4.0269880389873434E-5 	 5.542740140672539E-5 	 1.2333193185068723E-4 	 5.244710667069561E-5 	 1.2760835239083743E-4 	 1.592440407702483E-4 	 2.180297344093896E-4 	 
1.7759999999999998 	 3.099702767639859E-5 	 3.457968128255145E-5 	 5.565163932802348E-5 	 1.2620605308201132E-4 	 5.2590385543409376E-5 	 1.4627766289459257E-4 	 1.2575596766004076E-4 	 1.9883688576536162E-4 	 
1.7999999999999998 	 2.564886089796837E-5 	 2.837324029228267E-5 	 5.172401342898672E-5 	 1.4551389184449696E-4 	 4.8929269402121744E-5 	 1.2996292549808197E-4 	 1.0542880690862048E-4 	 1.7864204581760203E-4 	 
1.8239999999999998 	 2.6870157548564806E-5 	 2.439737382171317E-5 	 5.182493386393343E-5 	 1.293562700260461E-4 	 4.816328273352169E-5 	 1.2999503801628401E-4 	 9.251477547901725E-5 	 1.599826699983989E-4 	 
1.8479999999999999 	 2.0008221002457636E-5 	 2.0311135588293325E-5 	 3.6176216089292334E-5 	 1.2966654742001946E-4 	 3.3774936921005194E-5 	 1.4920923210434432E-4 	 7.902757064467239E-5 	 1.372299682131504E-4 	 
1.8719999999999999 	 1.6491486445565254E-5 	 2.4630929626005704E-5 	 3.0170090318408267E-5 	 1.4926298499522443E-4 	 2.8046630733922958E-5 	 1.414827770421607E-4 	 6.768482888607504E-5 	 1.2068003589073387E-4 	 
1.896 	 1.4398668112651908E-5 	 1.5225537665842239E-5 	 2.6235992789359703E-5 	 1.4139635776455278E-4 	 2.4348818846378752E-5 	 1.3554664928418382E-4 	 5.8056478932524994E-5 	 1.0198320723572956E-4 	 
1.92 	 1.1373096031842608E-5 	 1.2838853718399664E-5 	 2.0033581553005994E-5 	 1.3535847260627036E-4 	 1.871376401386835E-5 	 1.450741457180525E-4 	 5.9050173428748954E-5 	 8.414556418293635E-5 	 
1.944 	 1.0405169546639411E-5 	 1.1264313332293262E-5 	 1.4976321450173578E-5 	 1.447081409036645E-4 	 1.4113604315984029E-5 	 1.4820458755209298E-4 	 4.932210258052999E-5 	 7.223570438273998E-5 	 
1.968 	 8.435803211184487E-6 	 8.95958425129033E-6 	 1.0295548550429603E-5 	 1.4760885475725884E-4 	 1.0089159148807098E-5 	 1.4542955443897816E-4 	 4.472698367129087E-5 	 5.9412472548545365E-5 	 
1.992 	 7.131249021180276E-6 	 8.198815952761092E-6 	 1.6934784420573487E-5 	 1.443372880753179E-4 	 1.5972087779968314E-5 	 1.5251988778124622E-4 	 4.202025678858798E-5 	 5.118642033298573E-5 	 
2.016 	 6.592883212522095E-6 	 6.6415149617805496E-6 	 1.3986890623967208E-5 	 1.5097199118525815E-4 	 1.3290387464148336E-5 	 1.578830308483107E-4 	 3.3643545247086904E-5 	 4.252468054993108E-5 	 
2.04 	 4.776191982048764E-6 	 5.630505604851993E-6 	 1.3835997598708769E-5 	 1.5583121222102498E-4 	 1.3060845021048796E-5 	 1.6681555790903053E-4 	 2.9577817018254248E-5 	 4.264036727467883E-5 	 
2.064 	 4.299071110535223E-6 	 5.197628935846564E-6 	 1.5734695382320416E-5 	 1.6411848134362678E-4 	 1.4583996959407775E-5 	 1.77357360076057E-4 	 2.5295664358899776E-5 	 3.216428109464965E-5 	 
2.088 	 3.705386166982823E-6 	 3.757093681283648E-6 	 1.0450041021117108E-5 	 1.740136117105408E-4 	 9.746180257219232E-6 	 1.8863508060593855E-4 	 2.3072847644600434E-5 	 2.6876400051554527E-5 	 
2.112 	 3.104937322548017E-6 	 3.371779652505321E-6 	 9.246177457038304E-6 	 1.8451735268543208E-4 	 8.563172749921428E-6 	 2.0906047328132064E-4 	 2.8123311885555093E-5 	 2.362257356940473E-5 	 
2.136 	 2.879027055069081E-6 	 2.913781938179665E-6 	 5.3748539560624994E-6 	 2.0435568463589795E-4 	 5.218251040956446E-6 	 2.1602447205973057E-4 	 1.5021493509219278E-5 	 1.885579490137764E-5 	 
2.16 	 2.5533769051425992E-6 	 2.443416426276138E-6 	 5.447379167285653E-6 	 2.1062181574403415E-4 	 5.433229195808917E-6 	 2.2930535541245225E-4 	 1.286268816438745E-5 	 1.720010867650716E-5 	 
2.184 	 2.498225469072454E-6 	 2.2558883944885782E-6 	 1.3384388741968013E-5 	 2.2323174042250304E-4 	 1.2141071472300486E-5 	 2.4028501511593215E-4 	 1.1407241373219439E-5 	 1.4003596435789386E-5 	 
2.208 	 2.094890461952352E-6 	 2.005768798546814E-6 	 2.9463221281141765E-6 	 2.3377818914651125E-4 	 2.734343194432544E-6 	 2.490923507253537E-4 	 1.01817340235194E-5 	 1.1880209442700347E-5 	 
2.232 	 1.9552007619334337E-6 	 1.9689951581892955E-6 	 2.883408852258454E-6 	 2.421357852590202E-4 	 2.641608897760069E-6 	 2.5670262673651293E-4 	 9.395998937568664E-6 	 1.0957111928157706E-5 	 
2.2560000000000002 	 1.6795267682873914E-6 	 1.6538700608660204E-6 	 2.5921337762326654E-6 	 2.493627612024624E-4 	 2.3511955621247745E-6 	 2.627265251907848E-4 	 8.796378709931096E-6 	 8.036448026703838E-6 	 
2.2800000000000002 	 1.369948829875253E-6 	 1.5420591566739635E-6 	 1.6757799886127711E-6 	 2.5519755363314413E-4 	 1.5087290907383503E-6 	 2.674991128258072E-4 	 7.811751153045379E-6 	 7.25416273519328E-6 	 
2.3040000000000003 	 1.312204183283871E-6 	 1.3227260043017863E-6 	 2.0331362087645088E-6 	 2.600481869146242E-4 	 1.8492163059078702E-6 	 2.5383198661379705E-4 	 6.876649366261077E-6 	 6.2554463351373865E-6 	 
2.3280000000000003 	 1.1302999083235464E-6 	 1.0805013395659882E-6 	 1.6271613473660977E-6 	 2.464116117503393E-4 	 1.4451231142431069E-6 	 2.464904993805883E-4 	 6.063732878982879E-6 	 5.253842576462778E-6 	 
2.3520000000000003 	 9.319642039879937E-7 	 1.03682114977396E-6 	 1.7824455706772935E-6 	 2.3928870244932168E-4 	 1.5864852226937491E-6 	 2.3424776751754202E-4 	 4.688843072679734E-6 	 4.88237641196905E-6 	 
2.3760000000000003 	 7.817678590778804E-7 	 8.967030371917553E-7 	 9.625464822871846E-7 	 2.2738223160846126E-4 	 8.259529616968668E-7 	 2.1847201308145995E-4 	 4.11567475739308E-6 	 4.312177796679515E-6 	 
2.4000000000000004 	 8.630620343584139E-7 	 7.341803960884107E-7 	 0.0 	 2.1211139002977585E-4 	 0.0 	 1.992488601492956E-4 	 3.2549275567606872E-6 	 4.155455480815859E-6 	 
2.4240000000000004 	 6.409743460129108E-7 	 6.221112566297429E-7 	 0.0 	 1.9334072494359082E-4 	 0.0 	 1.790100300332492E-4 	 3.169707701457842E-6 	 3.515488911009425E-6 	 
2.4480000000000004 	 4.5755209147700235E-7 	 6.898253740143339E-7 	 0.0 	 1.73757075463606E-4 	 0.0 	 1.6030681596556617E-4 	 2.8789617087040507E-6 	 3.279099913396566E-6 	 
2.4720000000000004 	 5.079983711901273E-7 	 5.053939844090728E-7 	 0.0 	 1.555801227256936E-4 	 0.0 	 1.3751563204156706E-4 	 2.5545854243851536E-6 	 2.8038398771089753E-6 	 
2.4960000000000004 	 3.756066518162356E-7 	 3.605486687236928E-7 	 0.0 	 1.3339301911952382E-4 	 0.0 	 1.209217506987944E-4 	 2.2862255714205632E-6 	 2.286252955588566E-6 	 
2.5200000000000005 	 3.121114834204646E-7 	 4.0247000648392866E-7 	 0.0 	 1.1743401612628772E-4 	 0.0 	 1.0219409496121172E-4 	 1.6273071056323936E-6 	 2.180789778516596E-6 	 
2.5440000000000005 	 2.54033930035498E-7 	 2.96964954360502E-7 	 0.0 	 9.91381712810914E-5 	 0.0 	 8.431653986189653E-5 	 1.169398695596199E-6 	 1.8823413471702476E-6 	 
2.5680000000000005 	 2.3338718352079927E-7 	 2.4700595166842924E-7 	 0.0 	 8.18676061502677E-5 	 0.0 	 7.238219794269288E-5 	 1.098181094792984E-6 	 1.5490596235660688E-6 	 
2.5920000000000005 	 2.4416981284224155E-7 	 1.9801655139271563E-7 	 0.0 	 7.02794934211438E-5 	 0.0 	 5.953528011510711E-5 	 1.1034310579082889E-6 	 1.2975870680795433E-6 	 
2.6160000000000005 	 0.0 	 0.0 	 0.0 	 0.0 	 0.0 	 0.0 	 0.0 	 0.0 	 
2.6399999999999997 	 0.0 	 0.0 	 0.0 	 0.0 	 0.0 	 0.0 	 0.0 	 0.0 	 
2.6639999999999997 	 0.0 	 0.0 	 0.0 	 0.0 	 0.0 	 0.0 	 0.0 	 0.0 	 
2.6879999999999997 	 0.0 	 0.0 	 0.0 	 0.0 	 0.0 	 0.0 	 0.0 	 0.0 	 
2.7119999999999997 	 0.0 	 0.0 	 0.0 	 0.0 	 0.0 	 0.0 	 0.0 	 0.0 	 
2.7359999999999998 	 0.0 	 0.0 	 0.0 	 0.0 	 0.0 	 0.0 	 0.0 	 0.0 	 
2.76 	 0.0 	 0.0 	 0.0 	 0.0 	 0.0 	 0.0 	 0.0 	 0.0 	 
2.784 	 0.0 	 0.0 	 0.0 	 0.0 	 0.0 	 0.0 	 0.0 	 0.0 	 
2.808 	 0.0 	 0.0 	 0.0 	 0.0 	 0.0 	 0.0 	 0.0 	 0.0 	 
2.832 	 0.0 	 0.0 	 0.0 	 0.0 	 0.0 	 0.0 	 0.0 	 0.0 	 
2.856 	 0.0 	 0.0 	 0.0 	 0.0 	 0.0 	 0.0 	 0.0 	 0.0 	 
2.88 	 0.0 	 0.0 	 0.0 	 0.0 	 0.0 	 0.0 	 0.0 	 0.0 	 
2.904 	 0.0 	 0.0 	 0.0 	 0.0 	 0.0 	 0.0 	 0.0 	 0.0 	 
2.928 	 0.0 	 0.0 	 0.0 	 0.0 	 0.0 	 0.0 	 0.0 	 0.0 	 
2.952 	 0.0 	 0.0 	 0.0 	 0.0 	 0.0 	 0.0 	 0.0 	 0.0 	 
2.976 	 0.0 	 0.0 	 0.0 	 0.0 	 0.0 	 0.0 	 0.0 	 0.0 	 
