-3.0 	 0.0 	 0.0 	 0.0 	 0.0 	 0.0 	 0.0 	 0.0 	 0.0 	 
-2.976 	 3.9333427720310775E-6 	 1.2131476669678654E-6 	 7.639026692009274E-5 	 8.597090777382222E-5 	 4.909766973007646E-6 	 0.0 	 7.967987947864801E-5 	 8.429191049766131E-5 	 
-2.952 	 2.624832763831591E-6 	 6.373796815359702E-6 	 1.2495835448427231E-6 	 4.573048879662281E-6 	 3.1929934036590463E-6 	 0.0 	 2.5586934282162535E-6 	 2.0825586989112654E-4 	 
-2.928 	 5.989563125835168E-6 	 4.008293767700301E-6 	 7.147564956404679E-6 	 2.4480192546638172E-5 	 1.1846261860825863E-5 	 0.0 	 1.367670329202137E-5 	 8.64907321602305E-5 	 
-2.904 	 7.160391685230415E-6 	 2.1641534245694255E-5 	 7.2544241351619836E-6 	 2.594015578004365E-5 	 7.694625356985572E-6 	 0.0 	 1.421653543266612E-5 	 2.248477678343488E-5 	 
-2.88 	 3.4170401041330755E-6 	 8.476400162162038E-6 	 1.996448171475584E-6 	 5.3412385388481405E-6 	 4.1512639762711074E-6 	 0.0 	 3.3127727010847993E-6 	 3.3205787180947634E-5 	 
-2.856 	 1.0585154800363677E-5 	 5.235105574703896E-6 	 8.256050424268062E-6 	 2.9308964391260346E-5 	 1.7113893426744594E-5 	 0.0 	 1.6184630584726298E-5 	 6.998509395945944E-5 	 
-2.832 	 1.2125384409116453E-5 	 2.8024719535957964E-5 	 8.094094142318655E-6 	 2.686576005912453E-5 	 1.2433881731794312E-5 	 4.608720796877647E-8 	 1.5144682507874885E-5 	 2.943741543632205E-5 	 
-2.808 	 1.4104264682017815E-5 	 1.2876641003641742E-5 	 2.2501627955274253E-6 	 5.2493779150877845E-6 	 1.4395422883254663E-5 	 4.608720796877647E-8 	 3.445809688244882E-6 	 1.1942292713612254E-4 	 
-2.784 	 8.044798454061833E-5 	 1.484392293494568E-5 	 1.0434761547673264E-5 	 2.869381405689201E-5 	 8.336507417786657E-5 	 4.654808004846424E-6 	 1.724305678688373E-5 	 2.78709374414644E-4 	 
-2.76 	 3.98938070203543E-6 	 8.892581197733856E-5 	 1.0566947077747671E-5 	 3.2454349321968004E-5 	 5.1507987952705125E-6 	 1.4393035048648894E-4 	 1.8839398604682075E-5 	 1.1542739920085548E-4 	 
-2.7359999999999998 	 3.550241836857205E-6 	 6.9341003015309986E-6 	 1.1675374392384483E-5 	 3.730953480737194E-5 	 4.0185775988149425E-6 	 4.608720796877647E-8 	 2.1387405135034933E-5 	 5.807663215558399E-5 	 
-2.7119999999999997 	 1.546951762822313E-5 	 4.718327534090311E-6 	 1.7392320660779304E-5 	 4.6987617341376474E-5 	 2.1591605468876527E-5 	 4.654808004846424E-6 	 2.8711722099268424E-5 	 7.607175524995071E-5 	 
-2.688 	 1.4889560971683311E-5 	 3.1902896309998925E-5 	 2.6781030211174745E-5 	 6.578293960280045E-5 	 1.5531474941036085E-5 	 1.4388426327852015E-4 	 4.1883391222944806E-5 	 2.9640384008559984E-5 	 
-2.664 	 7.639014882133218E-5 	 1.6500836230368338E-5 	 8.410076950002907E-5 	 1.2932403953307337E-4 	 7.967975629417194E-5 	 0.0 	 1.0166140168728276E-4 	 1.4780323927389403E-4 	 
-2.64 	 1.2495816129962483E-6 	 8.597079701451296E-5 	 1.9603747743814676E-5 	 9.923418032408886E-5 	 2.558689472496046E-6 	 0.0 	 5.1139864645810767E-5 	 3.480124381521274E-4 	 
-2.616 	 7.147553906324657E-6 	 4.573042988044427E-6 	 2.2942809065984637E-5 	 1.1445712551822452E-4 	 1.3676682147944089E-5 	 0.0 	 5.944038747316019E-5 	 1.997985909031655E-4 	 
-2.592 	 7.2544129198785E-6 	 2.448016100795506E-5 	 2.4625985751018957E-5 	 1.3741196184319953E-4 	 1.4216513454012534E-5 	 0.0 	 6.985951459504704E-5 	 1.7596700676199346E-4 	 
-2.568 	 2.042004520683015E-6 	 2.5985681796139974E-5 	 4.516626175890889E-5 	 2.3563278349088423E-4 	 3.3583270152647104E-6 	 0.0 	 1.2101798015534477E-4 	 1.2180431378343724E-4 	 
-2.544 	 8.301597096178928E-6 	 5.386791093245672E-6 	 5.615442484481247E-5 	 3.269981339818878E-4 	 1.623016499911369E-5 	 0.0 	 1.651377488325239E-4 	 1.821917724613963E-4 	 
-2.52 	 1.2695584634695618E-5 	 3.3910429637286365E-5 	 6.084683657987046E-5 	 3.747792361317295E-4 	 1.9746162100096885E-5 	 0.0 	 1.8840139639799623E-4 	 1.3092458547966695E-4 	 
-2.496 	 1.4453227701048346E-4 	 1.6914784314072211E-4 	 8.104706820314186E-5 	 4.6181300656713333E-4 	 1.4572792205474005E-4 	 4.608720796877647E-8 	 2.3534075131710356E-4 	 2.531758645395313E-4 	 
-2.472 	 1.048030485131362E-5 	 5.294930587832552E-6 	 9.574222947112188E-5 	 5.872558707583709E-4 	 1.7288589564952415E-5 	 4.608720796877647E-8 	 2.9497263757904236E-4 	 0.0015148043415447675 	 
-2.448 	 1.5168433747113164E-5 	 3.3295280095437586E-5 	 1.0391638258602171E-4 	 6.495268483332388E-4 	 2.3440872484901627E-5 	 4.700895212815201E-6 	 3.264485766536978E-4 	 4.989549033018771E-4 	 
-2.424 	 1.539119146003356E-4 	 1.7469086576789091E-4 	 1.1947996080998868E-4 	 7.14244035100706E-4 	 1.636239303282618E-4 	 1.4393035048648894E-4 	 3.622065724547933E-4 	 2.6085888600308447E-4 	 
-2.4 	 1.739229377238637E-5 	 3.730948674020118E-5 	 1.289851644992774E-4 	 7.657193104540348E-4 	 2.8711677711168604E-5 	 4.654808004846424E-6 	 3.891348007805602E-4 	 2.6762485948443224E-4 	 
-2.376 	 2.6780988807909617E-5 	 4.698755680559553E-5 	 1.978543264137693E-4 	 8.746127837768557E-4 	 4.188332647154661E-5 	 1.4388426327852015E-4 	 4.744153395230782E-4 	 0.0012006047424428813 	 
-2.352 	 8.410063948089128E-5 	 6.578285485235241E-5 	 1.1768830288962663E-4 	 7.851407072302276E-4 	 1.0166124451954372E-4 	 0.0 	 3.9130489881150567E-4 	 4.112665559865536E-4 	 
-2.328 	 1.9603717436572612E-5 	 1.293238729204173E-4 	 1.246675072448398E-4 	 8.003919962112102E-4 	 5.113978558397641E-5 	 0.0 	 4.013048578281663E-4 	 5.831445728384833E-4 	 
-2.304 	 2.2942773596579653E-5 	 9.923405247724448E-5 	 1.3207802014953232E-4 	 8.167265477776529E-4 	 5.944029557878188E-5 	 4.608720796877647E-8 	 4.1282973207356933E-4 	 0.0014898707510631248 	 
-2.2800000000000002 	 2.4625947679435864E-5 	 1.1445697805913062E-4 	 1.2955957399732917E-4 	 7.954289447542063E-4 	 6.985940659277896E-5 	 4.608720796877647E-8 	 4.030613759541079E-4 	 6.773140310802995E-4 	 
-2.2560000000000002 	 4.5166191932218295E-5 	 1.3741178481059196E-4 	 1.8840144551851207E-4 	 8.110443606297685E-4 	 1.2101779306248546E-4 	 4.654808004846424E-6 	 4.441381268174868E-4 	 4.7004518982538825E-4 	 
-2.232 	 5.619989746620775E-5 	 2.3567803935267833E-4 	 1.0626896731712058E-4 	 6.818493634559816E-4 	 1.6518305296654503E-4 	 1.4388426327852015E-4 	 3.4297461201666636E-4 	 0.0010632290120868308 	 
-2.208 	 6.089230194683356E-5 	 3.2704327213452456E-4 	 1.0637737666123939E-4 	 6.461131355970325E-4 	 1.8844666456659855E-4 	 4.608720796877647E-8 	 3.2805933955246873E-4 	 4.345903704043354E-4 	 
-2.184 	 8.569400534648722E-5 	 3.79425815732095E-4 	 1.0686058148315961E-4 	 5.564298525243765E-4 	 2.3998744992361073E-4 	 4.608720796877647E-8 	 2.9223845334862855E-4 	 8.167070883682734E-4 	 
-2.16 	 2.3802419914806749E-4 	 6.040945292910722E-4 	 1.6724638850071312E-4 	 5.798052866045593E-4 	 4.3725429924732124E-4 	 4.700895212815201E-6 	 3.3681721364142584E-4 	 0.001789503654111779 	 
-2.136 	 1.0851772493788346E-4 	 5.918566171820004E-4 	 1.518507213248591E-4 	 5.373223426465493E-4 	 3.3104957497251235E-4 	 1.4393035048648894E-4 	 3.1014113367032844E-4 	 0.001445302017441173 	 
-2.112 	 2.617163343528848E-4 	 7.917625697832087E-4 	 8.451039339681747E-5 	 4.205233582222832E-4 	 5.044425707442291E-4 	 4.700895212815201E-6 	 2.2258269489983118E-4 	 0.00330370346069022 	 
-2.088 	 1.2898496508921285E-4 	 7.142431149152849E-4 	 1.0509799926688716E-4 	 4.0693543548229804E-4 	 3.891341991811744E-4 	 1.4397643769445772E-4 	 2.290594770426688E-4 	 0.00203117181120742 	 
-2.064 	 1.9785402053251424E-4 	 7.657183239512268E-4 	 2.32112054518951E-4 	 4.8568545442924887E-4 	 4.744146060806405E-4 	 4.746982420783977E-6 	 3.3618421294486325E-4 	 0.0021839351216601105 	 
-2.04 	 1.177336803801234E-4 	 8.746572164185013E-4 	 1.9954168766339128E-4 	 4.406527937547534E-4 	 3.9134985329286593E-4 	 1.485851584913354E-4 	 2.9833557508730226E-4 	 0.002751749154191667 	 
-2.016 	 1.2471287394554074E-4 	 7.8518525514186E-4 	 8.059192396207607E-5 	 3.249408037902228E-4 	 4.013497968496674E-4 	 1.4853907128336663E-4 	 1.8046139044991554E-4 	 0.002469777432778958 	 
-1.992 	 1.3667931896372068E-4 	 8.049924680441596E-4 	 1.5356036836348E-4 	 3.683695490143772E-4 	 4.174305968477871E-4 	 1.4393035048648894E-4 	 2.4144691833746847E-4 	 0.003293256402631036 	 
-1.968 	 2.7179593195722143E-4 	 9.589620538184373E-4 	 1.4414608098966593E-4 	 3.563491912649368E-4 	 5.452973110823342E-4 	 9.217441593755294E-8 	 2.3095925723014445E-4 	 0.0033268868117441322 	 
-1.944 	 1.8844671368703844E-4 	 7.954734794111446E-4 	 2.030785061160353E-4 	 3.961763139264068E-4 	 4.441829996190861E-4 	 4.700895212815201E-6 	 2.8209314459628603E-4 	 0.0035377934341182366 	 
-1.92 	 1.0631436246182161E-4 	 8.110888751688235E-4 	 6.583123253686727E-5 	 2.5443867475394034E-4 	 3.430196412162754E-4 	 1.4853907128336663E-4 	 1.4308147379346373E-4 	 0.004549701883724563 	 
-1.896 	 1.1102427464412421E-4 	 6.864955474472267E-4 	 1.35021729380429E-4 	 3.1077455149644377E-4 	 3.327058948167572E-4 	 1.4388426327852015E-4 	 2.0705393660906682E-4 	 0.004851132515086726 	 
-1.8719999999999999 	 2.4914253397121923E-4 	 7.883944208807081E-4 	 1.3425575248689683E-4 	 3.005575145021107E-4 	 4.3452011924393513E-4 	 0.0 	 2.0238136527214935E-4 	 0.006799240531551764 	 
-1.8479999999999999 	 1.7189319238057745E-4 	 5.610761980979378E-4 	 7.579498347128446E-5 	 2.426630734355724E-4 	 3.414637553661088E-4 	 4.608720796877647E-8 	 1.44056144963441E-4 	 0.007681753977688251 	 
-1.824 	 2.94178163694212E-4 	 7.221322167506427E-4 	 2.0593547906803372E-4 	 3.563448862862452E-4 	 4.524683313239308E-4 	 4.608720796877647E-8 	 2.675801143863577E-4 	 0.007995839261967357 	 
-1.8 	 8.920288462158974E-5 	 5.420142722726807E-4 	 7.494973951592726E-5 	 2.3126397482614133E-4 	 2.2727497266589555E-4 	 4.654808004846424E-6 	 1.390696623749089E-4 	 0.008961528548717073 	 
-1.776 	 2.5198145748566906E-4 	 5.674064371468954E-4 	 1.5655153468430936E-4 	 2.94548558249025E-4 	 3.7594274361796683E-4 	 1.4388426327852015E-4 	 2.1324662446760488E-4 	 0.0108783081246864 	 
-1.752 	 3.789497569392871E-4 	 5.537729724770027E-4 	 2.2410279819785168E-4 	 3.5540496581235823E-4 	 4.8302175447044904E-4 	 0.0 	 2.780447057320903E-4 	 0.012648635195595165 	 
-1.728 	 3.418234968671791E-4 	 6.279669463974834E-4 	 2.0415619733060128E-4 	 3.320920083162847E-4 	 4.406172315565059E-4 	 4.608720796877647E-8 	 2.566862118228557E-4 	 0.014459699246554304 	 
-1.704 	 8.068291823898795E-5 	 4.4074334491784163E-4 	 1.8748110788344215E-4 	 3.142799747276013E-4 	 1.8055223032940632E-4 	 4.608720796877647E-8 	 2.3946094114105792E-4 	 0.01947384086933529 	 
-1.68 	 1.5820719340182534E-4 	 3.2958744759917333E-4 	 5.645969144858145E-5 	 1.9464352119560101E-4 	 2.460936075038888E-4 	 4.654808004846424E-6 	 1.1311837846045E-4 	 0.024303750490833997 	 
-1.656 	 2.9098391940471526E-4 	 5.152071356948541E-4 	 1.2443822464592964E-4 	 2.613988470154137E-4 	 3.7779696143269616E-4 	 1.4388426327852015E-4 	 1.8064769853175073E-4 	 0.0274092471618834 	 
-1.632 	 3.453147504162284E-4 	 4.985852904258746E-4 	 1.1425476670823734E-4 	 3.254494921616557E-4 	 4.243292667404604E-4 	 0.0 	 1.665893774188163E-4 	 0.03125242618182491 	 
-1.6079999999999999 	 6.583113076229203E-5 	 3.961758035186885E-4 	 1.3489069834916065E-4 	 3.8679690127442837E-4 	 1.4308125259061426E-4 	 0.0 	 1.8747735306446042E-4 	 0.03631180684237883 	 
-1.584 	 1.3506708007358277E-4 	 2.5448390638745094E-4 	 3.3502712245662996E-4 	 3.474224618347492E-4 	 2.0709917594098653E-4 	 0.0 	 3.899997395326779E-4 	 0.03830801461294776 	 
-1.56 	 1.3430110436424495E-4 	 3.1081971055048585E-4 	 2.0092976603087266E-4 	 2.631336634935746E-4 	 2.0242661182782814E-4 	 4.608720796877647E-8 	 2.526999870527499E-4 	 0.0401763069448063 	 
-1.536 	 8.039636929861127E-5 	 3.051586302891996E-4 	 1.2118745630254796E-4 	 2.2026111910719034E-4 	 1.4865742525954124E-4 	 4.608720796877647E-8 	 1.6905821217863353E-4 	 0.04373633765665143 	 
-1.512 	 3.4817171895136875E-4 	 3.848993190622881E-4 	 4.393122470297692E-5 	 1.750535812649187E-4 	 4.0981625896756427E-4 	 4.700895212815201E-6 	 9.972931180597791E-5 	 0.04663460986265941 	 
-1.488 	 7.49496236442109E-5 	 3.563444271947399E-4 	 4.497979507169069E-5 	 1.8208788172157476E-4 	 1.3906944737428878E-4 	 1.4397643769445772E-4 	 1.013252443850645E-4 	 0.046228660450505554 	 
-1.464 	 1.56596852092551E-4 	 2.313092363164235E-4 	 9.980556838344651E-5 	 2.7483222389936625E-4 	 2.1329185422567715E-4 	 4.700895212815201E-6 	 1.4897023554624685E-4 	 0.04649592094580242 	 
-1.44 	 2.2414801117236354E-4 	 2.945937382075783E-4 	 8.674346856623924E-5 	 2.98096901473323E-4 	 2.780898353128312E-4 	 1.4853907128336663E-4 	 1.398142939167502E-4 	 0.04617091943762297 	 
-1.416 	 2.087573847124864E-4 	 3.600060109375689E-4 	 1.7503883518009918E-4 	 2.3764013775159622E-4 	 2.6128731799374556E-4 	 1.4388426327852015E-4 	 2.3417496669464585E-4 	 0.04636823797781945 	 
-1.392 	 3.2971737629709194E-4 	 4.743281387285947E-4 	 9.418675013594649E-5 	 1.8465330533962455E-4 	 3.816971291942884E-4 	 0.0 	 1.489718475459904E-4 	 0.04242957156923999 	 
-1.3679999999999999 	 5.6459604162336095E-5 	 3.1427956982978394E-4 	 5.018193177495926E-5 	 1.6862202941975908E-4 	 1.1311820358031368E-4 	 0.0 	 1.0379102415390196E-4 	 0.03789422917994689 	 
-1.3439999999999999 	 1.2426963950914628E-4 	 1.944748776733333E-4 	 4.3664602091978014E-5 	 2.6511927193566227E-4 	 1.8047902649555642E-4 	 0.0 	 1.016552602832674E-4 	 0.03571729023280916 	 
-1.32 	 1.1409337397840881E-4 	 2.6123729415334675E-4 	 1.296647383369305E-4 	 3.972504015872413E-4 	 1.6642790378008525E-4 	 0.0 	 1.8887461617822924E-4 	 0.03032070265199731 	 
-1.296 	 5.102724880344775E-5 	 2.4158583186802187E-4 	 2.4952281390088046E-4 	 2.588190146182944E-4 	 1.0361382222018691E-4 	 0.0 	 3.0358634250693417E-4 	 0.02789660422029576 	 
-1.272 	 1.2727788004157569E-4 	 1.7904767848481376E-4 	 1.3240229646062883E-4 	 2.0240303383878386E-4 	 1.822504121303838E-4 	 0.0 	 1.8767817726954276E-4 	 0.024076573802923468 	 
-1.248 	 1.1918217476041405E-4 	 2.6567473360371573E-4 	 7.875176053677346E-5 	 2.4196847419533126E-4 	 1.7095231574593093E-4 	 0.0 	 1.4165461728321197E-4 	 0.020235579484061995 	 
-1.224 	 2.4098769283901428E-4 	 3.829337483806625E-4 	 8.490895074082352E-5 	 2.609589974536496E-4 	 2.888583747072823E-4 	 0.0 	 1.423642514665892E-4 	 0.016662261959534484 	 
-1.2 	 4.346710044506737E-5 	 2.1979677899655657E-4 	 1.2855574086714314E-4 	 2.2439188006774703E-4 	 9.926510128465818E-5 	 0.0 	 1.847978098511635E-4 	 0.013827640183386163 	 
-1.176 	 1.9121064880881977E-4 	 3.2128427901284784E-4 	 1.0404665342084258E-4 	 3.421355799464978E-4 	 2.4755601101256566E-4 	 0.0 	 1.651452743702227E-4 	 0.012123555514332526 	 
-1.152 	 2.414137844281456E-4 	 3.236960174747607E-4 	 2.6002393396915095E-4 	 5.668794278820225E-4 	 2.905783755827515E-4 	 0.0 	 3.209044281030674E-4 	 0.01113053754944835 	 
-1.128 	 3.054932160837277E-5 	 2.1863785697032124E-4 	 4.011080882069039E-4 	 3.7154768141228213E-4 	 8.362006491179908E-5 	 0.0 	 4.5623555967248944E-4 	 0.009616467609035496 	 
-1.1039999999999999 	 3.640165963182265E-5 	 1.5945961248512745E-4 	 1.6885679322582598E-4 	 2.5307609781557565E-4 	 9.553769972236836E-5 	 0.0 	 2.2719483902285798E-4 	 0.008385972115552687 	 
-1.08 	 3.654747749154221E-5 	 1.800007045591266E-4 	 1.2105961510072037E-4 	 2.983133380957057E-4 	 9.133249020425016E-5 	 0.0 	 1.8662772088788365E-4 	 0.00698510490849873 	 
-1.056 	 3.509399603226448E-5 	 1.695652092825346E-4 	 1.4028715554009077E-4 	 2.4918728943599194E-4 	 8.87030055319659E-5 	 0.0 	 2.041043694449972E-4 	 0.005435866208501106 	 
-1.032 	 4.016032664002431E-5 	 1.6511760423131914E-4 	 9.2501213709271E-5 	 3.598496787052695E-4 	 9.815089517820562E-5 	 0.0 	 1.5383423272865933E-4 	 0.004631127599022752 	 
-1.008 	 4.537262737858872E-5 	 1.8082701987562602E-4 	 2.1459908240078823E-4 	 5.70810561815729E-4 	 1.0458241368187525E-4 	 0.0 	 2.7871263204172855E-4 	 0.00445499900589871 	 
-0.984 	 4.126655824941757E-5 	 1.889940199046119E-4 	 4.2678267610158185E-4 	 4.530452870682357E-4 	 9.533000327367515E-5 	 0.0 	 4.983669214299922E-4 	 0.004467248493100839 	 
-0.96 	 4.591135960747422E-5 	 1.723279490125295E-4 	 2.735110731202403E-4 	 4.093876842079072E-4 	 1.0118715496030486E-4 	 0.0 	 3.39002498687637E-4 	 0.00393983648599291 	 
-0.9359999999999999 	 5.626686200372718E-5 	 1.7991799629248393E-4 	 2.517679806836718E-4 	 3.571107961561438E-4 	 1.1916962150283671E-4 	 0.0 	 3.170955669431629E-4 	 0.0032881245454571394 	 
-0.9119999999999999 	 5.170303229129615E-5 	 2.0876237527798626E-4 	 2.123191256150626E-4 	 4.5507624309896094E-4 	 1.0915824419161223E-4 	 0.0 	 2.869488268512599E-4 	 0.0023798001982828347 	 
-0.8879999999999999 	 5.857044816150472E-5 	 1.909735672916415E-4 	 2.769326812431705E-4 	 4.095131529457707E-4 	 1.148124301957224E-4 	 0.0 	 3.520654509208659E-4 	 0.0021254954139010886 	 
-0.8639999999999999 	 7.460907712920079E-5 	 1.9495417553956488E-4 	 2.2530626501103635E-4 	 5.109163384931866E-4 	 1.3570760362058648E-4 	 0.0 	 2.975807558704697E-4 	 0.0024468719709352647 	 
-0.8399999999999999 	 1.4060060483804185E-4 	 2.2271221202521327E-4 	 3.4239656758793696E-4 	 8.955868341167701E-4 	 2.0148100485118626E-4 	 0.0 	 4.179953709236323E-4 	 0.002463262315336974 	 
-0.8159999999999998 	 1.223980936822644E-4 	 2.881693231369039E-4 	 7.292617841070435E-4 	 8.12223750471983E-4 	 1.775254799212063E-4 	 0.0 	 8.147135177140266E-4 	 0.002036691785238694 	 
-0.7919999999999998 	 5.342913297367689E-5 	 2.5611980353363174E-4 	 6.022290052962944E-4 	 5.446672590779101E-4 	 1.1176708858054232E-4 	 1.3795331833513842E-5 	 6.833087806072151E-4 	 0.0022665419327360476 	 
-0.7679999999999998 	 6.298279578790975E-5 	 1.9499913961325662E-4 	 3.5239454978704246E-4 	 5.959695861653835E-4 	 1.2855080020728968E-4 	 9.179812369113806E-4 	 4.348480728844178E-4 	 0.001892072841237717 	 
-0.7439999999999998 	 6.42151834072849E-5 	 2.2224119851831065E-4 	 4.2257285522256894E-4 	 7.232170271787704E-4 	 1.280322986512733E-4 	 1.88625247636747E-5 	 5.18128776726387E-4 	 0.0016430653029516702 	 
-0.7199999999999998 	 6.286068669455158E-5 	 2.19546584390784E-4 	 4.915891350020266E-4 	 8.041700807323492E-4 	 1.2419361089356792E-4 	 3.7937819246603126E-5 	 5.859289392859114E-4 	 0.0014945203685586815 	 
-0.6959999999999997 	 6.67955113583761E-5 	 2.120459758245241E-4 	 5.694289631144199E-4 	 9.329654874142224E-4 	 1.3090896188026565E-4 	 8.360627239204232E-6 	 6.574988529813695E-4 	 0.001310686535847823 	 
-0.6720000000000002 	 7.8769578146745E-5 	 2.227973882685104E-4 	 7.501545830162254E-4 	 9.665052388690956E-4 	 1.5035371280646686E-4 	 0.001025523606195782 	 8.49082204142652E-4 	 0.0010753659540399892 	 
-0.6480000000000001 	 7.371205937107563E-5 	 2.5324611249107667E-4 	 7.44324161540848E-4 	 0.0011564660893152111 	 1.3920338368923602E-4 	 2.3776025402100314E-6 	 8.511663762092005E-4 	 0.0010981524349206926 	 
-0.6240000000000001 	 7.58005846903316E-5 	 2.3342015001752775E-4 	 8.954328188167314E-4 	 9.029854334946352E-4 	 1.411280699538807E-4 	 2.8492594473054195E-5 	 9.955313313781717E-4 	 0.0011719026356507621 	 
-0.6000000000000001 	 9.051448358790282E-5 	 2.3530602229445284E-4 	 6.821914297395388E-4 	 6.771052833354157E-4 	 1.6514406944716044E-4 	 9.743186005433975E-4 	 7.865510521451099E-4 	 8.915547637029204E-4 	 
-0.5760000000000001 	 9.474048064599543E-5 	 2.728838843470198E-4 	 4.6995579315875735E-4 	 9.447681229910928E-4 	 1.698731341690113E-4 	 2.5836166619559003E-6 	 5.868009497748711E-4 	 8.138505162082261E-4 	 
-0.552 	 9.438133120962996E-5 	 2.7858803987607203E-4 	 6.738256864656025E-4 	 0.001402495791462085 	 1.666557103332607E-4 	 3.586249032530543E-5 	 7.89235243347217E-4 	 8.90466969866374E-4 	 
-0.528 	 1.0285752691830172E-4 	 2.713771689347101E-4 	 0.0011283203617106802 	 0.001446386164953644 	 1.784562133788331E-4 	 9.025571414520037E-4 	 0.0012406873041570035 	 9.262012496531944E-4 	 
-0.504 	 1.2192519816430846E-4 	 2.882502217914474E-4 	 0.0012443070840904942 	 0.0021358044642785933 	 2.0737679966357372E-4 	 8.413335751396055E-5 	 0.0013731345809749429 	 8.070297211495834E-4 	 
-0.48 	 1.2191968962929121E-4 	 3.319143194302595E-4 	 0.001872759645829079 	 0.0030917343233128444 	 2.0299933959150776E-4 	 1.624220826582398E-4 	 0.002007401907085461 	 7.327739777184372E-4 	 
-0.45599999999999996 	 1.2903848950276213E-4 	 3.213110418791072E-4 	 0.00278270920956639 	 0.002718230303906296 	 2.114918851276298E-4 	 9.629183982877782E-4 	 0.0029116255520833328 	 6.637216209573831E-4 	 
-0.43199999999999994 	 1.6321222712460258E-4 	 3.366088435534392E-4 	 0.002462840181104927 	 0.0021710751427266774 	 2.587680008997066E-4 	 3.6618825679785605E-5 	 0.0026020728141466745 	 5.989738384089536E-4 	 
-0.4079999999999999 	 3.0476335269615456E-4 	 5.36391073120252E-4 	 0.0019110923608847753 	 0.0026813757280222832 	 3.991030111314332E-4 	 0.0010218386503086311 	 0.0020597238406835595 	 6.250041180960353E-4 	 
-0.3839999999999999 	 1.6051190198220925E-4 	 3.9525286389262987E-4 	 0.0024048303433029444 	 0.0034658305531318225 	 2.485816556937917E-4 	 1.287947812201635E-4 	 0.0025574329845880965 	 7.19798494054842E-4 	 
-0.3599999999999999 	 1.9517515912450599E-4 	 3.7798602128380184E-4 	 0.003203129847090846 	 0.003371103035830833 	 2.9410262730959714E-4 	 0.0010677420926430605 	 0.0033552011250001248 	 5.524777576616337E-4 	 
-0.33599999999999985 	 2.1761335347554242E-4 	 4.39794336340875E-4 	 0.0030013867639889042 	 0.003553476748736107 	 3.2445540296665936E-4 	 0.001092763088331761 	 0.0031604321993129406 	 5.184692119894376E-4 	 
-0.31199999999999983 	 2.2067143352178247E-4 	 4.8170459843699224E-4 	 0.0033406563312154075 	 0.004935805666839598 	 3.2076979133169835E-4 	 1.2240866672782379E-4 	 0.003510791884818277 	 5.263755892368644E-4 	 
-0.2879999999999998 	 2.4759699268478457E-4 	 4.683908877550175E-4 	 0.0046630142217339385 	 0.005109436730018888 	 3.519564537511883E-4 	 0.0013164964194766645 	 0.004829813260005365 	 5.240353890177666E-4 	 
-0.2639999999999998 	 2.989474726702504E-4 	 5.060968170566463E-4 	 0.004790745465090267 	 0.005412740640338207 	 4.157924486446578E-4 	 0.0013360941594011506 	 0.004963442345790014 	 5.064166882447012E-4 	 
-0.23999999999999977 	 3.2240417029419496E-4 	 5.933464313713561E-4 	 0.005146609999705904 	 0.007325623669727968 	 4.378135487535292E-4 	 3.5956206614532794E-4 	 0.005334543355992072 	 4.847179929693979E-4 	 
-0.21599999999999975 	 4.721736189143107E-4 	 7.46348986156163E-4 	 0.007096520728454939 	 0.008209839960998878 	 5.845403876422119E-4 	 0.0012080098415073986 	 0.007288638006308686 	 5.689302658634916E-4 	 
-0.19199999999999973 	 4.066929483066429E-4 	 6.087720894293202E-4 	 0.008005989922656647 	 0.008475433824124978 	 5.355202460247799E-4 	 0.0013275930310474597 	 0.008203929361513845 	 5.69592867843714E-4 	 
-0.16800000000000015 	 4.636542146538867E-4 	 7.266991767441555E-4 	 0.00840971609451305 	 0.009217601763787369 	 5.982962677543763E-4 	 0.0018548916788830422 	 0.00860411504736548 	 4.5190393637948385E-4 	 
-0.14400000000000013 	 4.891384097127611E-4 	 7.981638423172722E-4 	 0.009250478441980741 	 0.010484220899583467 	 6.180545529260381E-4 	 0.002109916341135453 	 0.009451586375055722 	 4.7249243991488824E-4 	 
-0.1200000000000001 	 5.589844372771215E-4 	 8.143748656197211E-4 	 0.010761143269768583 	 0.012654570861338614 	 6.982168550662976E-4 	 0.002596227578502955 	 0.010954919315260882 	 5.352509557267303E-4 	 
-0.09600000000000009 	 7.826690220511583E-4 	 0.001042651961355454 	 0.012884449706112642 	 0.014289113996986206 	 9.313002720668267E-4 	 0.00325572579986733 	 0.013060076652225477 	 4.376491405958865E-4 	 
-0.07200000000000006 	 7.333266738786839E-4 	 0.0010098723219375259 	 0.015286281835861015 	 0.016895876009451093 	 8.859290792413356E-4 	 0.004797105283160812 	 0.015439994694800535 	 4.279286245824495E-4 	 
-0.04800000000000004 	 8.543543539454057E-4 	 0.0011170555468503073 	 0.01839337822919432 	 0.020173874880046825 	 0.0010064253967536677 	 0.006911009437679911 	 0.018495182942606103 	 4.293175115340316E-4 	 
-0.02400000000000002 	 0.001009546150397367 	 0.0013792627192507315 	 0.02052244617335972 	 0.022765464687268828 	 0.0011685913398383927 	 0.00856044654929193 	 0.020607767173436337 	 4.1976424496516836E-4 	 
0.0 	 0.001334558098449822 	 0.0015473791025316845 	 0.025078231114600454 	 0.0261654426598998 	 0.0015046933890244447 	 0.014678330410237153 	 0.025101266874137388 	 3.836854839896307E-4 	 
0.02400000000000002 	 0.0014806580838425789 	 0.001753450378962049 	 0.029782235545760344 	 0.029840058354172375 	 0.0016474568642439855 	 0.017685868140208002 	 0.029673450155761793 	 4.334229352940813E-4 	 
0.04800000000000004 	 0.0014352123709908686 	 0.0017539044597098773 	 0.034838791930727954 	 0.03472273804087271 	 0.0016079089847025772 	 0.026204057354223497 	 0.03451169945775153 	 5.529033936702531E-4 	 
0.07200000000000006 	 0.0016078594947745934 	 0.0018739911186041241 	 0.036976877981241184 	 0.03629224105810138 	 0.0017957925605172499 	 0.03204178915816264 	 0.03659907108958606 	 4.2606218100793114E-4 	 
0.09600000000000009 	 0.002130919427184102 	 0.0023600239017675245 	 0.03935591404077195 	 0.04059828567232468 	 0.0023230364080260276 	 0.04486208441457036 	 0.03889332682553725 	 4.3717099685871424E-4 	 
0.1200000000000001 	 0.0024099779910628093 	 0.0026138298295811688 	 0.047032828718956594 	 0.04662575817381306 	 0.002607917123907169 	 0.04974818811705917 	 0.04631285899193298 	 4.361572791922244E-4 	 
0.14400000000000013 	 0.00298036045011408 	 0.0030460802618858624 	 0.049321866547996474 	 0.048571104297292125 	 0.003174759102427236 	 0.050375213667002615 	 0.04852802825057744 	 4.098415208299415E-4 	 
0.16800000000000015 	 0.0035073781225930514 	 0.0034745038702108486 	 0.05063460172773188 	 0.04876918558484895 	 0.0037084857447567273 	 0.05584223233034398 	 0.049811660672042735 	 3.628990946338721E-4 	 
0.19200000000000017 	 0.004624989261032638 	 0.00434807002030534 	 0.05139248857764546 	 0.04916328034677605 	 0.004818765006948672 	 0.0604938471251632 	 0.05051685616836863 	 3.8376800568142553E-4 	 
0.2160000000000002 	 0.007067661913685565 	 0.0068377866848473405 	 0.0514779855595557 	 0.05065455606933263 	 0.007243288588280505 	 0.05692696303370198 	 0.0505369981217472 	 4.155084136238441E-4 	 
0.2400000000000002 	 0.009288974696946848 	 0.008291812081382952 	 0.05030445411148226 	 0.04621487499463206 	 0.009442687318247479 	 0.05924911747305014 	 0.04944758600775802 	 3.600428391920111E-4 	 
0.26400000000000023 	 0.013429748966450876 	 0.011932253415183376 	 0.04745378496494405 	 0.043471424834641025 	 0.013531553522473358 	 0.056333254559072676 	 0.04660507007562853 	 3.736164380643503E-4 	 
0.28800000000000026 	 0.013702000608681899 	 0.013353435052207365 	 0.0451319244870417 	 0.042310597632921616 	 0.013787321476852913 	 0.057243992722058046 	 0.04423839435899871 	 3.8461968399063117E-4 	 
0.3120000000000003 	 0.02357292415460002 	 0.021260167168479723 	 0.04167159514359743 	 0.03855997253505663 	 0.023595959878523847 	 0.05260241431171933 	 0.040861395243610876 	 3.606271803334881E-4 	 
0.33599999999999985 	 0.030204622728235393 	 0.026587842175630736 	 0.03670036502790182 	 0.0335596581627104 	 0.030095837506418213 	 0.043189203734976006 	 0.03602692907657367 	 3.500110817879815E-4 	 
0.3599999999999999 	 0.04287527299928828 	 0.037876554839250426 	 0.03217297860824371 	 0.02817516319231879 	 0.042548181031994294 	 0.03787921831204067 	 0.031590485383794484 	 3.8135369159245796E-4 	 
0.3839999999999999 	 0.04784729797139735 	 0.04559317046248507 	 0.02713450723996986 	 0.02436649395942524 	 0.04746949166382874 	 0.03352332374604285 	 0.026635216677109896 	 3.770374282465691E-4 	 
0.4079999999999999 	 0.04897788312529246 	 0.04591422423000409 	 0.021314620853007917 	 0.01832173105618327 	 0.048515296625214 	 0.027169272569270736 	 0.02098534297924652 	 3.330259812713349E-4 	 
0.43199999999999994 	 0.05849916777593312 	 0.05206464513750702 	 0.018396357640050057 	 0.01600599680893761 	 0.05777919916197712 	 0.02342024311705984 	 0.018079571772961017 	 3.316584288856676E-4 	 
0.45599999999999996 	 0.06248827622325058 	 0.05979218403070535 	 0.015053123701996922 	 0.013201591771457355 	 0.061694439153099405 	 0.02000125846447163 	 0.01479813009574451 	 3.510915734343511E-4 	 
0.48 	 0.060680921223843116 	 0.058617439498262924 	 0.011412464045183859 	 0.01026502848622128 	 0.05985798144041446 	 0.015943767126236227 	 0.011252835059534208 	 3.4516298451476863E-4 	 
0.504 	 0.06346710846248566 	 0.06084382209104089 	 0.009884921532257512 	 0.008894540283461304 	 0.06259147740692975 	 0.012742469009512824 	 0.009753528943505778 	 3.420181971721753E-4 	 
0.528 	 0.06099513520198697 	 0.05868044623501076 	 0.008202182008537355 	 0.006972663892582627 	 0.06005414921893776 	 0.009388984250076598 	 0.008113944688854468 	 3.5073854545457405E-4 	 
0.552 	 0.060524595781881595 	 0.06087471025000252 	 0.007157515009115044 	 0.005868855437716572 	 0.05966772900286879 	 0.009361384116750535 	 0.007062449075058878 	 3.4907457194425476E-4 	 
0.5760000000000001 	 0.057024172539735525 	 0.055785276392377174 	 0.0057812298460281865 	 0.004757882499929581 	 0.05617545896252665 	 0.006230541368987288 	 0.0056969851145519355 	 3.574882284285828E-4 	 
0.6000000000000001 	 0.049932243785624254 	 0.04827175790108112 	 0.004369877147627569 	 0.003784393732031101 	 0.04903871503897191 	 0.006835857644428266 	 0.004308895952652895 	 3.485313004964931E-4 	 
0.6240000000000001 	 0.04339968114476816 	 0.04403869354784158 	 0.004038449046830538 	 0.003991804611276447 	 0.042589482497344365 	 0.005348425531734097 	 0.00396947199038229 	 3.688095133614045E-4 	 
0.6480000000000001 	 0.03951903369131448 	 0.04137864825879602 	 0.003921527484310283 	 0.0037397493372998843 	 0.038845598781113086 	 0.005006248227379161 	 0.0038577852064002965 	 3.7299069100680453E-4 	 
0.6720000000000002 	 0.031134465577956124 	 0.03252115163552406 	 0.0030913476732449085 	 0.0028200773353963247 	 0.03055197325403691 	 0.00363033203060004 	 0.0030617681529679698 	 3.832598149306939E-4 	 
0.6960000000000002 	 0.026209935349726224 	 0.027250596952770777 	 0.0029300400777623197 	 0.0024585069528955407 	 0.025710645558765604 	 0.0034855417457200343 	 0.0028982090185134374 	 3.8351994658668466E-4 	 
0.7200000000000002 	 0.020851220470974558 	 0.023903095137429244 	 0.0022573299409768387 	 0.001595576251101814 	 0.020521943106274206 	 0.003963954935908605 	 0.0022367276043459366 	 4.0540484738405593E-4 	 
0.7440000000000002 	 0.017495252723481066 	 0.01742063097571752 	 0.0018508422612285378 	 0.0016358665434248881 	 0.017178467346140515 	 0.0038954935794823006 	 0.0018180351144757936 	 4.3929103686390285E-4 	 
0.7680000000000002 	 0.013822007598783624 	 0.014774883356654745 	 0.0014241331384980906 	 0.0017636176286904633 	 0.01356701438674935 	 0.002891413328038917 	 0.0014045978150645675 	 4.3686753705871333E-4 	 
0.7920000000000003 	 0.008570356245884954 	 0.010359484607669776 	 0.0017599999618203494 	 0.0016116113677333052 	 0.008410727507020477 	 0.0018711384730417688 	 0.0017408826371124756 	 4.83534502199099E-4 	 
0.8160000000000003 	 0.00800854999177071 	 0.008388659002953484 	 0.001486891032380212 	 0.0012607744901502991 	 0.007877157606150896 	 0.0017545248999452777 	 0.0014742190805730271 	 5.330511601153365E-4 	 
0.8399999999999999 	 0.004744893420820581 	 0.005437252917108875 	 0.001168165777749771 	 0.0013645655156069665 	 0.0046566562375519064 	 0.0018175331374305544 	 0.0011616034337458918 	 5.375323930875104E-4 	 
0.8639999999999999 	 0.005529107965546445 	 0.005344258931351457 	 0.0013940492073244155 	 0.0011383201779814366 	 0.005434042178461476 	 0.0015235592015734665 	 0.0013868050327100281 	 5.983417706427817E-4 	 
0.8879999999999999 	 0.004083293502036024 	 0.004170920470410449 	 0.0013172989334326122 	 0.0011261633345132952 	 0.003999048900801474 	 0.001846210287628483 	 0.0013012264695189495 	 6.798566314567313E-4 	 
0.9119999999999999 	 0.0038829228588159784 	 0.004270928837168758 	 9.497097422701045E-4 	 8.034553738421281E-4 	 0.00382194175811776 	 0.0012974726062778214 	 9.42874922986275E-4 	 7.384615610003288E-4 	 
0.9359999999999999 	 0.002996074124938059 	 0.0027420201779835367 	 8.186164496888142E-4 	 6.352863116077601E-4 	 0.0029270971751278047 	 0.0014377733602017166 	 8.119768987473065E-4 	 7.794621793451198E-4 	 
0.96 	 0.0029121491318391153 	 0.002982427178675719 	 6.330710410929211E-4 	 4.960369737364554E-4 	 0.0028484069524741975 	 0.0010607091004421194 	 6.264850970179703E-4 	 7.924762462022575E-4 	 
0.984 	 0.0025426557107523316 	 0.0031910573359577657 	 4.883775319618635E-4 	 5.688207074006111E-4 	 0.0025130762362051023 	 0.0013244665665931572 	 4.820348141067402E-4 	 8.65763326284999E-4 	 
1.008 	 0.0028410830073967094 	 0.0027311211616462927 	 4.5917490600640544E-4 	 4.544313865010991E-4 	 0.0028092519973583973 	 0.0011542356425570976 	 4.5907227018064255E-4 	 8.526073118978008E-4 	 
1.032 	 0.001827503925054086 	 0.0020286812594074027 	 5.18396214897886E-4 	 2.968296188792122E-4 	 0.0018069016202742368 	 7.552730825894931E-4 	 5.151909336662162E-4 	 8.287334974770934E-4 	 
1.056 	 0.0013207501453766195 	 0.0010654849410013313 	 2.870923874950032E-4 	 2.4145979455686648E-4 	 0.00128794304934347 	 8.20435882369245E-4 	 2.8397195016435545E-4 	 8.209151605789591E-4 	 
1.08 	 0.0010330683056069395 	 0.001244801804688792 	 1.906563852728302E-4 	 2.186389457095142E-4 	 0.001013533012374875 	 7.55675151160176E-4 	 1.9072070522871808E-4 	 7.816956400873841E-4 	 
1.104 	 0.0011098447450042736 	 0.0011134628606907834 	 2.2693795669327714E-4 	 2.9314899174946724E-4 	 0.0010907274498516354 	 6.882397228201209E-4 	 2.2662542722441878E-4 	 7.07559759982786E-4 	 
1.1280000000000001 	 5.297384294354479E-4 	 6.544589872155999E-4 	 3.54747511027358E-4 	 3.205409665919575E-4 	 5.170664972190025E-4 	 6.48088884023789E-4 	 3.5129186993695217E-4 	 6.714040148004358E-4 	 
1.1520000000000001 	 9.565404125478088E-4 	 0.0010491493066239685 	 3.2206053444623666E-4 	 1.8327698062200668E-4 	 9.499780786892625E-4 	 6.974405427214721E-4 	 3.188167019253454E-4 	 6.220040764909245E-4 	 
1.1760000000000002 	 4.10119588458488E-4 	 3.806362939131155E-4 	 1.2508125206625164E-4 	 9.503063143743407E-5 	 4.028754250435385E-4 	 6.70413738016244E-4 	 1.247939784224554E-4 	 5.455145220331704E-4 	 
1.2000000000000002 	 8.465326105392143E-4 	 6.675544250845208E-4 	 1.5234172638851987E-4 	 1.72318930812771E-4 	 8.304601714734563E-4 	 7.151002094385949E-4 	 1.4917107980865255E-4 	 4.5587760783061807E-4 	 
1.2240000000000002 	 3.552052552471207E-4 	 5.31658864858837E-4 	 1.0995679117870753E-4 	 1.232038611642822E-4 	 3.483704465298689E-4 	 6.284382607104303E-4 	 1.0995679117870751E-4 	 3.819816440899731E-4 	 
1.2480000000000002 	 6.333941208958816E-4 	 6.182332755043916E-4 	 1.232038929087282E-4 	 1.8480128067785073E-4 	 6.267545802190683E-4 	 5.882549614833512E-4 	 1.2320389290872816E-4 	 3.159135460519071E-4 	 
1.2720000000000002 	 4.634013242657962E-4 	 4.6561675504211685E-4 	 1.848013282933574E-4 	 9.843812369598006E-5 	 4.5681539037266395E-4 	 4.946821189455536E-4 	 1.8480132829335738E-4 	 2.249275534603579E-4 	 
1.2960000000000003 	 1.596348202972539E-4 	 1.6729437803804695E-4 	 9.843814905933857E-5 	 5.681579640084662E-5 	 1.532921122479234E-4 	 5.076134012542237E-4 	 9.843814905933856E-5 	 2.0052606644162827E-4 	 
1.3200000000000003 	 1.7206234007391877E-4 	 2.817081185174777E-4 	 5.681581103988441E-5 	 4.5729946749087746E-5 	 1.719597044068301E-4 	 5.411950000927575E-4 	 5.6815811039884406E-5 	 1.6120645559656173E-4 	 
1.3440000000000003 	 9.351423945611603E-5 	 2.954962703610572E-5 	 4.5729958531768995E-5 	 4.463432580725355E-5 	 9.030896317978614E-5 	 4.5929947462231046E-4 	 4.572995853176899E-5 	 1.1017389202568119E-4 	 
1.3680000000000003 	 7.5895456801985E-5 	 8.563274961288256E-5 	 4.463433730763943E-5 	 4.4452773405466014E-5 	 7.27750242955092E-5 	 4.670014020129911E-4 	 4.463433730763942E-5 	 9.303683829005218E-5 	 
1.3920000000000003 	 1.7472803710582426E-5 	 6.827619666686488E-5 	 4.445278485907348E-5 	 7.31560744422502E-5 	 1.7537123567032154E-5 	 4.8621362532519423E-4 	 4.445278485907347E-5 	 7.319014850997376E-5 	 
1.4160000000000004 	 2.5924368627822465E-5 	 1.7625426808226868E-5 	 7.315609329148943E-5 	 1.1793428697396273E-4 	 2.5611839642132277E-5 	 4.8495462709231775E-4 	 7.315609329148942E-5 	 6.708929207477968E-5 	 
1.4400000000000004 	 9.12821410323785E-5 	 2.9683792517352772E-5 	 1.1793431736066138E-4 	 7.496753142686301E-5 	 8.782650528436704E-5 	 4.673154820549117E-4 	 1.1793431736066136E-4 	 5.967286796110243E-5 	 
1.4640000000000004 	 2.219414833176336E-4 	 2.204220004023735E-4 	 7.496755074283841E-5 	 5.451959337206663E-5 	 2.186976558116823E-4 	 4.163296534101046E-4 	 7.49675507428384E-5 	 4.62348927271873E-5 	 
1.4880000000000004 	 1.3548718135811332E-5 	 7.174440394410681E-5 	 5.4519607419469606E-5 	 7.891046100296695E-5 	 1.3261444936137937E-5 	 4.56220586468376E-4 	 5.4519607419469606E-5 	 4.6541809786704435E-5 	 
1.5120000000000005 	 7.013837091453548E-5 	 1.2827389051311669E-5 	 7.891048133486924E-5 	 1.1913686423552026E-4 	 6.696772923646322E-5 	 5.003553017428622E-4 	 7.891048133486922E-5 	 3.9134899505227005E-5 	 
1.5360000000000005 	 0.0 	 6.236208762194113E-5 	 1.1913689493207242E-4 	 7.871727272997188E-5 	 0.0 	 4.019878169063211E-4 	 1.1913689493207241E-4 	 2.3336142961400915E-5 	 
1.5600000000000005 	 0.0 	 0.0 	 7.871729301209768E-5 	 5.540183595603228E-5 	 0.0 	 3.981414370308823E-4 	 7.871729301209767E-5 	 2.392854612292741E-5 	 
1.5840000000000005 	 0.0 	 0.0 	 5.5401850230752014E-5 	 4.9369963694590444E-5 	 0.0 	 4.209346198461737E-4 	 5.540185023075201E-5 	 1.78258662573124E-5 	 
1.6080000000000005 	 0.0 	 0.0 	 4.936997641515075E-5 	 4.966140918125925E-5 	 0.0 	 3.6308992989906474E-4 	 4.936997641515075E-5 	 1.9617696998115967E-5 	 
1.6319999999999997 	 0.0 	 0.0 	 4.9661421976912774E-5 	 4.780707219301292E-5 	 0.0 	 3.768423073462093E-4 	 4.966142197691277E-5 	 1.461365020656666E-5 	 
1.6559999999999997 	 0.0 	 0.0 	 4.7807084510881906E-5 	 7.945136014188235E-5 	 0.0 	 3.843490226891228E-4 	 4.78070845108819E-5 	 1.2579629749001659E-5 	 
1.6799999999999997 	 0.0 	 0.0 	 7.945138061315156E-5 	 1.2067492840945026E-4 	 0.0 	 3.743902673267738E-4 	 7.945138061315156E-5 	 8.778583591942657E-6 	 
1.7039999999999997 	 0.0 	 0.0 	 1.2067495950229678E-4 	 8.072394752793953E-5 	 0.0 	 3.397693763575773E-4 	 1.2067495950229677E-4 	 6.862299709209994E-6 	 
1.7279999999999998 	 0.0 	 0.0 	 8.072396832710091E-5 	 5.84953388815491E-5 	 0.0 	 3.580721768303658E-4 	 8.072396832710091E-5 	 6.852343350588288E-6 	 
1.7519999999999998 	 0.0 	 0.0 	 5.849535395333425E-5 	 5.462034960253593E-5 	 0.0 	 4.3728175589518464E-4 	 5.849535395333424E-5 	 9.031411197504866E-6 	 
1.7759999999999998 	 0.0 	 0.0 	 5.462036367589955E-5 	 4.995048797752729E-5 	 0.0 	 3.493849131653244E-4 	 5.4620363675899544E-5 	 4.772403709232108E-6 	 
1.7999999999999998 	 0.0 	 0.0 	 4.9950500847664247E-5 	 4.892827674591256E-5 	 0.0 	 3.8771721882381805E-4 	 4.995050084766424E-5 	 4.7962278453885E-6 	 
1.8239999999999998 	 0.0 	 0.0 	 4.892828935266874E-5 	 4.5844241361428684E-5 	 0.0 	 5.29841086369124E-4 	 4.8928289352668734E-5 	 4.0401367332405224E-6 	 
1.8479999999999999 	 0.0 	 0.0 	 4.5844253173558835E-5 	 4.660401840356596E-5 	 0.0 	 3.640601686098766E-4 	 4.584425317355883E-5 	 3.205233320276326E-6 	 
1.8719999999999999 	 0.0 	 0.0 	 4.660403041145865E-5 	 4.306119506906107E-5 	 0.0 	 3.1760800068511504E-4 	 4.660403041145865E-5 	 1.2476770895589278E-6 	 
1.896 	 0.0 	 0.0 	 4.306120616411741E-5 	 3.874718289916821E-5 	 0.0 	 3.4183842021468023E-4 	 4.30612061641174E-5 	 2.2501365365960387E-6 	 
1.92 	 0.0 	 0.0 	 3.874719288268531E-5 	 3.3076916790168256E-5 	 0.0 	 3.7317793973360846E-4 	 3.874719288268531E-5 	 1.5201047378306587E-6 	 
1.944 	 0.0 	 0.0 	 3.3076925312696595E-5 	 3.165977039655611E-5 	 0.0 	 3.206536974623677E-4 	 3.307692531269659E-5 	 8.302340978193552E-7 	 
1.968 	 0.0 	 0.0 	 3.165977855394551E-5 	 2.821359710538062E-5 	 0.0 	 3.3874851758774533E-4 	 3.1659778553945505E-5 	 8.97612109738799E-7 	 
1.992 	 0.0 	 0.0 	 2.8213604374836306E-5 	 2.154675828320067E-5 	 0.0 	 3.556151725022086E-4 	 2.8213604374836302E-5 	 1.7485339304612604E-6 	 
2.016 	 4.555943570082941E-8 	 4.5559435700829404E-8 	 2.1546763834892784E-5 	 1.942123315170205E-5 	 4.5559435700829404E-8 	 3.3277829462360545E-4 	 2.154676383489278E-5 	 1.5998292205668468E-6 	 
2.04 	 4.555943570082941E-8 	 4.5559435700829404E-8 	 1.9421238155735857E-5 	 1.713428262128307E-5 	 4.5559435700829404E-8 	 3.255253066123853E-4 	 1.9421238155735854E-5 	 3.782875229544059E-7 	 
2.064 	 4.601503005783771E-6 	 4.60150300578377E-6 	 1.713428703606605E-5 	 1.3204963057003446E-5 	 4.60150300578377E-6 	 3.6397505781847364E-4 	 1.7134287036066047E-5 	 1.2303629641062578E-6 	 
2.088 	 1.4223655825798944E-4 	 1.422365582579894E-4 	 1.3204966459366264E-5 	 1.0080871508223146E-5 	 1.422365582579894E-4 	 3.6175893875678466E-4 	 1.3204966459366262E-5 	 0.0 	 
2.112 	 0.0 	 0.0 	 1.0080874105639151E-5 	 9.050325700659561E-6 	 0.0 	 3.19551091990169E-4 	 1.008087410563915E-5 	 0.0 	 
2.136 	 0.0 	 0.0 	 9.050328032547316E-6 	 7.053382706057937E-6 	 0.0 	 3.221425302203805E-4 	 9.050328032547316E-6 	 0.0 	 
2.16 	 0.0 	 0.0 	 7.053384523417589E-6 	 5.797395687469611E-6 	 0.0 	 3.4496107109423935E-4 	 7.053384523417589E-6 	 0.0 	 
2.184 	 0.0 	 0.0 	 5.797397181214307E-6 	 4.090384212073405E-6 	 0.0 	 3.400062864429235E-4 	 5.7973971812143065E-6 	 0.0 	 
2.208 	 0.0 	 0.0 	 4.09038526599314E-6 	 3.57500219348142E-6 	 0.0 	 3.3884514256706313E-4 	 4.090385265993139E-6 	 0.0 	 
2.232 	 0.0 	 0.0 	 3.5750031146089148E-6 	 2.190100900989379E-6 	 0.0 	 3.48937044675484E-4 	 3.5750031146089143E-6 	 0.0 	 
2.2560000000000002 	 0.0 	 0.0 	 2.1901014652861393E-6 	 2.5121637035274843E-6 	 0.0 	 3.489805789787837E-4 	 2.1901014652861393E-6 	 0.0 	 
2.2800000000000002 	 0.0 	 0.0 	 2.5121643508062647E-6 	 1.900273782576156E-6 	 0.0 	 3.58013053097786E-4 	 2.5121643508062643E-6 	 0.0 	 
2.3040000000000003 	 0.0 	 0.0 	 1.9002742721966748E-6 	 2.6409926114006883E-6 	 0.0 	 3.5035330834138956E-4 	 1.9002742721966746E-6 	 0.0 	 
2.3280000000000003 	 0.0 	 0.0 	 2.640993291873252E-6 	 1.5137396675101504E-6 	 0.0 	 3.705406360190826E-4 	 2.6409932918732517E-6 	 0.0 	 
2.3520000000000003 	 0.0 	 0.0 	 1.5137400575371078E-6 	 1.3527983155614303E-6 	 0.0 	 3.7538922692038266E-4 	 1.5137400575371076E-6 	 0.0 	 
2.3760000000000003 	 0.0 	 0.0 	 1.3527986641205796E-6 	 1.1594980728617434E-6 	 0.0 	 3.850280124859323E-4 	 1.3527986641205796E-6 	 0.0 	 
2.4000000000000004 	 0.0 	 0.0 	 1.1594983716155617E-6 	 1.4171179866052476E-6 	 0.0 	 3.864314674381795E-4 	 1.1594983716155615E-6 	 0.0 	 
2.4240000000000004 	 0.0 	 0.0 	 1.4171183517368671E-6 	 9.01840257115335E-7 	 0.0 	 4.0873269410609495E-4 	 1.417118351736867E-6 	 0.0 	 
2.4480000000000004 	 0.0 	 0.0 	 9.018404894815859E-7 	 5.797300854294195E-7 	 0.0 	 4.432069691859956E-4 	 9.018404894815858E-7 	 0.0 	 
2.4720000000000004 	 0.0 	 0.0 	 5.797302348014457E-7 	 4.831084045245162E-7 	 0.0 	 4.4049479101963986E-4 	 5.797302348014455E-7 	 0.0 	 
2.4960000000000004 	 0.0 	 0.0 	 4.831085290012047E-7 	 5.798058894352288E-7 	 0.0 	 4.8822360450322496E-4 	 4.831085290012047E-7 	 0.0 	 
2.5200000000000005 	 0.0 	 0.0 	 5.798060388267866E-7 	 2.5768623388785127E-7 	 0.0 	 5.386397173307242E-4 	 5.798060388267866E-7 	 0.0 	 
2.5440000000000005 	 0.0 	 0.0 	 2.5768630028274066E-7 	 5.797585035708621E-7 	 0.0 	 5.432706029083181E-4 	 2.576863002827406E-7 	 0.0 	 
2.5680000000000005 	 0.0 	 0.0 	 5.797586529502104E-7 	 3.220722696830108E-7 	 0.0 	 6.046865944684387E-4 	 5.797586529502104E-7 	 0.0 	 
2.5920000000000005 	 0.0 	 0.0 	 3.2207235266746983E-7 	 2.576578157464086E-7 	 0.0 	 6.874715952326084E-4 	 3.220723526674698E-7 	 0.0 	 
2.6160000000000005 	 0.0 	 0.0 	 0.0 	 0.0 	 0.0 	 0.0 	 0.0 	 0.0 	 
2.6399999999999997 	 0.0 	 0.0 	 0.0 	 0.0 	 0.0 	 0.0 	 0.0 	 0.0 	 
2.6639999999999997 	 0.0 	 0.0 	 0.0 	 0.0 	 0.0 	 0.0 	 0.0 	 0.0 	 
2.6879999999999997 	 0.0 	 0.0 	 0.0 	 0.0 	 0.0 	 0.0 	 0.0 	 0.0 	 
2.7119999999999997 	 0.0 	 0.0 	 0.0 	 0.0 	 0.0 	 0.0 	 0.0 	 0.0 	 
2.7359999999999998 	 0.0 	 0.0 	 0.0 	 0.0 	 0.0 	 0.0 	 0.0 	 0.0 	 
2.76 	 0.0 	 0.0 	 0.0 	 0.0 	 0.0 	 0.0 	 0.0 	 0.0 	 
2.784 	 0.0 	 0.0 	 0.0 	 0.0 	 0.0 	 0.0 	 0.0 	 0.0 	 
2.808 	 0.0 	 0.0 	 0.0 	 0.0 	 0.0 	 0.0 	 0.0 	 0.0 	 
2.832 	 0.0 	 0.0 	 0.0 	 0.0 	 0.0 	 0.0 	 0.0 	 0.0 	 
2.856 	 0.0 	 0.0 	 0.0 	 0.0 	 0.0 	 0.0 	 0.0 	 0.0 	 
2.88 	 0.0 	 0.0 	 0.0 	 0.0 	 0.0 	 0.0 	 0.0 	 0.0 	 
2.904 	 0.0 	 0.0 	 0.0 	 0.0 	 0.0 	 0.0 	 0.0 	 0.0 	 
2.928 	 0.0 	 0.0 	 0.0 	 0.0 	 0.0 	 0.0 	 0.0 	 0.0 	 
2.952 	 0.0 	 0.0 	 0.0 	 0.0 	 0.0 	 0.0 	 0.0 	 0.0 	 
2.976 	 0.0 	 0.0 	 0.0 	 0.0 	 0.0 	 0.0 	 0.0 	 0.0 	 
